4 0.998
2 0.986
5 0.984
13 0.976
9 0.972
6 0.962
0 0.958
17 0.952
15 0.944
31 0.942
38 0.932
10 0.92
32 0.912
18 0.904
25 0.9
11 0.894
3 0.892
110 0.882
58 0.874
24 0.868
19 0.866
37 0.852
95 0.84
60 0.836
90 0.832
36 0.826
27 0.812
22 0.808
61 0.802
48 0.786
23 0.78
51 0.772
35 0.768
12 0.762
80 0.756
109 0.738
34 0.732
29 0.726
272 0.726
20 0.708
215 0.698
28 0.682
14 0.67
16 0.658
40 0.654
116 0.654
81 0.622
70 0.612
39 0.604
73 0.598
62 0.594
96 0.588
452 0.588
93 0.582
57 0.57
67 0.552
7 0.55
77 0.55
138 0.54
134 0.53
270 0.524
252 0.524
125 0.506
173 0.488
79 0.466
92 0.46
149 0.45
63 0.362
85 0.352
222 0.352
121 0.346
344 0.294
49 0.272
113 0.272
346 0.272
277 0.272
107 0.272
97 0.268
155 0.268
144 0.262
41 0.222
427 0.222
120 0.218
44 0.218
86 0.218
208 0.154
184 0.154
66 0.128
334 0.128
111 0.128
381 0.128
362 0.128
89 0.128
108 0.128
242 0.128
8 0.128
43 0.128
103 0.118
54 0.118
151 0.118
46 0.118
360 0.046
33 0.04
115 0.04
412 0.04
193 0.04
309 0.04
405 0.04
462 0.04
156 0.04
83 0.036
190 0.036
455 0.036
257 0.036
139 0.036
162 0.036
376 0.036
189 0.036
137 0.036
132 0.036
167 0.036
101 0.036
464 0.036
130 0.036
128 0.036
395 0.036
26 0.032
480 0.032
122 0.032
447 0.032
160 0.032
331 0.032
140 0.032
147 0.032
69 0.032
352 0.032
449 0.032
332 0.032
224 0.024
456 0.024
245 0.024
261 0.024
59 0.024
274 0.024
241 0.024
198 0.024
30 0.024
74 0.022
143 0.022
170 0.022
258 0.022
229 0.022
153 0.022
397 0.022
328 0.022
182 0.022
68 0.022
47 0.022
78 0.022
124 0.02
211 0.02
364 0.02
266 0.02
200 0.02
52 0.02
133 0.02
161 0.018
152 0.018
234 0.018
174 0.018
250 0.018
188 0.018
194 0.018
100 0.018
244 0.018
207 0.018
82 0.018
314 0.018
492 0.018
225 0.018
99 0.018
394 0.018
84 0.018
371 0.018
50 0.018
486 0.018
175 0.018
150 0.018
335 0.018
290 0.018
322 0.018
94 0.018
165 0.018
148 0.016
305 0.016
319 0.016
284 0.016
411 0.016
300 0.016
126 0.016
123 0.016
202 0.016
142 0.016
315 0.016
494 0.016
186 0.016
157 0.016
340 0.016
135 0.016
463 0.016
369 0.016
163 0.016
296 0.016
176 0.016
230 0.016
321 0.016
231 0.016
235 0.016
396 0.016
104 0.016
145 0.016
399 0.016
275 0.016
417 0.016
65 0.016
55 0.016
146 0.01
205 0.01
227 0.01
164 0.01
317 0.01
450 0.01
105 0.01
223 0.01
325 0.01
255 0.01
303 0.01
318 0.01
166 0.01
301 0.01
435 0.01
76 0.01
91 0.01
213 0.01
488 0.01
254 0.01
201 0.01
263 0.01
441 0.01
363 0.01
280 0.008
98 0.008
388 0.008
466 0.008
350 0.008
114 0.008
439 0.008
247 0.008
299 0.008
370 0.008
243 0.008
136 0.008
475 0.008
64 0.008
159 0.008
414 0.008
267 0.006
495 0.006
129 0.006
330 0.006
260 0.006
72 0.006
251 0.006
289 0.006
302 0.006
383 0.006
71 0.006
214 0.006
226 0.006
118 0.006
368 0.006
75 0.006
324 0.006
424 0.006
373 0.006
21 0.006
448 0.006
253 0.006
246 0.006
444 0.006
337 0.006
268 0.006
168 0.006
359 0.006
196 0.006
378 0.006
467 0.006
240 0.006
131 0.006
365 0.006
416 0.006
361 0.006
45 0.006
343 0.006
281 0.006
366 0.006
410 0.006
212 0.006
392 0.006
216 0.006
204 0.006
451 0.006
446 0.006
187 0.006
119 0.006
181 0.006
327 0.006
313 0.006
172 0.006
233 0.006
237 0.006
437 0.006
384 0.006
209 0.006
286 0.006
218 0.006
288 0.006
471 0.006
141 0.006
333 0.006
401 0.006
374 0.006
292 0.006
56 0.006
88 0.006
347 0.006
297 0.006
158 0.006
179 0.006
210 0.006
415 0.006
279 0.006
192 0.006
420 0.006
442 0.006
304 0.006
217 0.006
402 0.006
382 0.006
228 0.006
102 0.006
117 0.006
183 0.006
271 0.006
436 0.006
236 0.006
178 0.006
406 0.006
53 0.006
180 0.006
461 0.006
351 0.006
497 0.006
195 0.006
199 0.006
485 0.006
326 0.006
408 0.006
425 0.006
355 0.006
443 0.006
433 0.006
308 0.006
348 0.004
432 0.004
431 0.004
404 0.004
403 0.004
203 0.004
177 0.004
377 0.004
191 0.004
1 0.004
112 0.004
262 0.004
400 0.004
473 0.004
341 0.004
434 0.004
387 0.004
336 0.004
278 0.004
426 0.004
269 0.004
238 0.004
496 0.004
239 0.004
419 0.004
386 0.004
249 0.004
127 0.004
294 0.004
42 0.004
307 0.004
306 0.004
358 0.004
338 0.004
487 0.004
171 0.004
312 0.004
429 0.004
197 0.004
478 0.004
357 0.004
458 0.004
339 0.004
221 0.004
320 0.004
265 0.004
329 0.004
264 0.004
491 0.004
454 0.004
349 0.002
295 0.002
470 0.002
356 0.002
248 0.002
354 0.002
430 0.002
409 0.002
87 0.002
474 0.002
353 0.002
385 0.002
453 0.002
283 0.002
421 0.002
428 0.002
106 0.002
460 0.002
232 0.002
481 0.002
413 0.002
310 0.002
438 0.002
457 0.002
282 0.002
469 0.002
256 0.002
482 0.002
206 0.002
259 0.002
154 0.002
499 0.002
465 0.002
276 0.002
498 0.002
291 0.002
323 0.002
445 0.002
185 0.002
389 0.002
468 0.002
367 0.002
293 0.002
391 0.002
287 0.002
380 0.002
398 0.002
479 0.002
220 0.002
422 0.002
169 0.002
472 0.002
477 0.002
484 0.002
342 0.002
219 0.002
273 0.002
407 0.002
493 0.002
298 0.002
345 0.002
459 0.002
490 0.002
489 0.002
483 0.002
393 0.002
372 0.002
379 0.002
311 0.002
285 0.002
423 0.002
316 0.002
476 0.002
390 0.002
375 0.002
418 0.002
440 0
