311 0.9910277324632952
67 0.9885807504078303
51 0.9877650897226754
112 0.9869494290375204
88 0.9861337683523654
186 0.9853181076672104
46 0.9845024469820555
43 0.9836867862969005
108 0.9820554649265906
134 0.9804241435562806
603 0.9747145187601958
109 0.9722675367047309
45 0.9714518760195758
156 0.9698205546492659
33 0.968189233278956
101 0.967373572593801
115 0.966557911908646
81 0.965742251223491
147 0.9632952691680261
71 0.9616639477977161
400 0.9608482871125612
211 0.9535073409461664
72 0.9510603588907015
217 0.9486133768352365
212 0.9477977161500816
9 0.9461663947797716
42 0.9420880913539967
522 0.9380097879282219
867 0.935562805872757
65 0.933115823817292
23 0.9314845024469821
135 0.9306688417618271
357 0.9298531810766721
48 0.9290375203915171
307 0.9282218597063622
118 0.9274061990212071
305 0.9265905383360522
145 0.9249592169657422
26 0.9241435562805873
66 0.9200652528548124
133 0.9192495921696574
894 0.9184339314845025
50 0.9176182707993474
5 0.9168026101141925
85 0.9135399673735726
78 0.9119086460032626
396 0.9094616639477977
104 0.9078303425774877
53 0.9053833605220228
123 0.9037520391517129
962 0.901305057096248
434 0.9004893964110929
404 0.8964110929853181
90 0.8955954323001631
829 0.8907014681892332
3 0.8866231647634584
49 0.8849918433931484
851 0.8841761827079935
190 0.8825448613376835
543 0.8817292006525286
342 0.8792822185970636
167 0.8752039151712887
536 0.8735725938009788
124 0.8727569331158238
178 0.8711256117455138
220 0.8686786296900489
200 0.8629690048939641
691 0.8597063621533442
99 0.8588907014681892
265 0.8515497553017944
360 0.8491027732463295
19 0.8466557911908646
251 0.8442088091353996
52 0.8433931484502447
120 0.8425774877650897
1 0.8417618270799347
157 0.8409461663947798
262 0.8393148450244698
80 0.8384991843393148
659 0.8295269168026101
207 0.8287112561174551
318 0.8254486133768353
385 0.8246329526916802
119 0.8238172920065253
160 0.8181076672104405
893 0.8164763458401305
62 0.8156606851549756
126 0.8140293637846656
310 0.8123980424143556
0 0.8083197389885808
74 0.8042414355628059
144 0.8042414355628059
313 0.8017944535073409
175 0.7960848287112561
796 0.7903752039151712
339 0.7887438825448614
61 0.7871125611745514
213 0.7862969004893964
93 0.7854812398042414
15 0.7846655791190864
635 0.7814029363784666
107 0.7789559543230016
616 0.7765089722675367
386 0.7756933115823818
688 0.7748776508972267
970 0.7716150081566069
63 0.7414355628058727
469 0.7406199021207178
25 0.7357259380097879
286 0.734094616639478
423 0.732463295269168
665 0.7308319738988581
364 0.7300163132137031
171 0.7275693311582382
314 0.7267536704730831
205 0.7218597063621534
2 0.7218597063621534
710 0.7161500815660685
172 0.7153344208809136
258 0.7145187601957586
349 0.7120717781402937
298 0.7079934747145188
332 0.7063621533442088
194 0.6778140293637847
426 0.6778140293637847
219 0.6769983686786297
963 0.6721044045676998
164 0.6688417618270799
82 0.66721044045677
225 0.6615008156606852
121 0.6606851549755302
689 0.6598694942903752
136 0.6590538336052202
102 0.6557911908646004
478 0.6508972267536705
390 0.6484502446982056
125 0.6476345840130505
89 0.6476345840130505
37 0.6435562805872757
865 0.6411092985318108
405 0.6394779771615008
321 0.6353996737357259
13 0.633768352365416
113 0.633768352365416
70 0.633768352365416
407 0.6280587275693311
117 0.6239804241435563
488 0.6215334420880914
720 0.6182707993474714
782 0.6117455138662317
290 0.6084828711256117
785 0.6076672104404568
223 0.5913539967373572
240 0.5872756933115824
8 0.5791190864600326
257 0.5701468189233279
344 0.567699836867863
288 0.566068515497553
199 0.5636215334420881
967 0.5603588907014682
821 0.5603588907014682
173 0.5587275693311582
775 0.5522022838499184
600 0.5489396411092985
847 0.5424143556280587
614 0.5407830342577488
140 0.5407830342577488
249 0.5399673735725938
60 0.5367047308319739
103 0.5367047308319739
143 0.5367047308319739
208 0.535889070146819
55 0.5350734094616639
429 0.5350734094616639
646 0.5261011419249593
189 0.5261011419249593
154 0.5171288743882545
291 0.5008156606851549
620 0.49510603588907015
964 0.4902120717781403
397 0.48776508972267535
100 0.48613376835236544
392 0.48450244698205547
466 0.4836867862969005
260 0.4796084828711256
465 0.47716150081566067
624 0.46818923327895595
734 0.46818923327895595
75 0.46818923327895595
22 0.4624796084828711
320 0.4469820554649266
628 0.44045676998368677
294 0.43800978792822187
94 0.43800978792822187
237 0.43230016313213704
187 0.43148450244698205
747 0.4282218597063622
345 0.4168026101141925
711 0.4168026101141925
64 0.4168026101141925
916 0.4086460032626427
424 0.4086460032626427
234 0.40456769983686786
76 0.40456769983686786
449 0.39804241435562804
506 0.37112561174551384
131 0.37112561174551384
18 0.33442088091353994
17 0.33442088091353994
1148 0.33278955954323003
459 0.3278955954323002
150 0.32218597063621535
95 0.32218597063621535
35 0.3205546492659054
657 0.3205546492659054
105 0.3205546492659054
576 0.3172920065252855
959 0.3172920065252855
597 0.2936378466557912
271 0.2936378466557912
97 0.2936378466557912
7 0.2936378466557912
272 0.2936378466557912
435 0.2936378466557912
391 0.2928221859706362
174 0.2928221859706362
161 0.2928221859706362
895 0.2895595432300163
410 0.2895595432300163
533 0.28874388254486133
986 0.28792822185970635
361 0.27487765089722677
92 0.27487765089722677
1005 0.27487765089722677
739 0.26835236541598695
564 0.2536704730831974
656 0.2536704730831974
269 0.2536704730831974
422 0.2536704730831974
127 0.2536704730831974
319 0.2536704730831974
106 0.2536704730831974
185 0.2536704730831974
520 0.24796084828711257
170 0.24796084828711257
658 0.24551386623164764
295 0.2365415986949429
898 0.2169657422512235
631 0.21451876019575855
184 0.21451876019575855
353 0.15579119086460033
472 0.15579119086460033
347 0.15415986949429036
6 0.15415986949429036
216 0.15415986949429036
34 0.15415986949429036
91 0.15415986949429036
626 0.15415986949429036
852 0.14355628058727568
20 0.14355628058727568
737 0.14355628058727568
842 0.14355628058727568
24 0.14355628058727568
280 0.14355628058727568
844 0.14355628058727568
21 0.14355628058727568
254 0.14355628058727568
162 0.14355628058727568
1106 0.14355628058727568
641 0.14355628058727568
1071 0.14355628058727568
806 0.14355628058727568
403 0.14355628058727568
148 0.14355628058727568
128 0.14355628058727568
1012 0.14355628058727568
453 0.14355628058727568
789 0.14355628058727568
779 0.14355628058727568
96 0.14355628058727568
83 0.14355628058727568
1050 0.14355628058727568
402 0.14274061990212072
139 0.14274061990212072
864 0.14110929853181076
153 0.14110929853181076
686 0.14110929853181076
957 0.14110929853181076
870 0.1370309951060359
741 0.1362153344208809
815 0.1362153344208809
719 0.1362153344208809
411 0.1362153344208809
805 0.1362153344208809
69 0.1362153344208809
801 0.1362153344208809
791 0.1362153344208809
577 0.1362153344208809
142 0.1362153344208809
573 0.1362153344208809
813 0.1362153344208809
204 0.1362153344208809
511 0.1362153344208809
840 0.1362153344208809
562 0.1362153344208809
605 0.1362153344208809
946 0.1362153344208809
285 0.1362153344208809
551 0.1362153344208809
645 0.1362153344208809
325 0.1362153344208809
667 0.1362153344208809
197 0.1362153344208809
736 0.1362153344208809
451 0.10603588907014681
36 0.10603588907014681
98 0.10603588907014681
729 0.10603588907014681
16 0.10603588907014681
382 0.10603588907014681
604 0.10603588907014681
388 0.10603588907014681
537 0.10603588907014681
322 0.10603588907014681
547 0.10603588907014681
229 0.10603588907014681
87 0.10603588907014681
110 0.10603588907014681
14 0.10603588907014681
857 0.10603588907014681
283 0.10603588907014681
377 0.10603588907014681
296 0.10603588907014681
666 0.10603588907014681
617 0.10522022838499184
215 0.10522022838499184
209 0.10522022838499184
649 0.10522022838499184
650 0.10522022838499184
77 0.10522022838499184
73 0.10522022838499184
122 0.10522022838499184
823 0.10522022838499184
843 0.10522022838499184
68 0.10522022838499184
941 0.10522022838499184
535 0.10522022838499184
368 0.09706362153344208
669 0.09706362153344208
735 0.09706362153344208
151 0.09706362153344208
455 0.09706362153344208
28 0.09706362153344208
473 0.09706362153344208
571 0.09706362153344208
334 0.08727569331158239
1108 0.08727569331158239
317 0.08727569331158239
371 0.0864600326264274
871 0.0864600326264274
206 0.0864600326264274
275 0.0864600326264274
1057 0.0864600326264274
640 0.0864600326264274
202 0.0864600326264274
383 0.0864600326264274
570 0.0864600326264274
420 0.0864600326264274
527 0.0864600326264274
56 0.08238172920065252
627 0.08238172920065252
198 0.08238172920065252
138 0.08238172920065252
990 0.08238172920065252
1140 0.06688417618270799
428 0.06688417618270799
387 0.06688417618270799
1008 0.04730831973898858
558 0.04730831973898858
663 0.04730831973898858
11 0.04730831973898858
336 0.04730831973898858
427 0.04730831973898858
733 0.04730831973898858
931 0.04730831973898858
40 0.04730831973898858
475 0.04730831973898858
266 0.04730831973898858
849 0.04730831973898858
191 0.04730831973898858
769 0.04730831973898858
859 0.04730831973898858
468 0.04730831973898858
480 0.04730831973898858
335 0.04730831973898858
890 0.04730831973898858
460 0.04730831973898858
1013 0.04730831973898858
222 0.04730831973898858
86 0.04730831973898858
980 0.04730831973898858
312 0.04730831973898858
384 0.04730831973898858
524 0.04730831973898858
541 0.04730831973898858
709 0.04730831973898858
550 0.04730831973898858
467 0.04730831973898858
523 0.04730831973898858
695 0.04730831973898858
337 0.04730831973898858
328 0.04730831973898858
740 0.04730831973898858
684 0.04730831973898858
1070 0.04730831973898858
192 0.04730831973898858
132 0.04730831973898858
985 0.04730831973898858
804 0.04730831973898858
839 0.04730831973898858
1072 0.04730831973898858
1116 0.04730831973898858
444 0.04730831973898858
619 0.04730831973898858
193 0.04730831973898858
27 0.04730831973898858
647 0.04730831973898858
634 0.04730831973898858
299 0.04730831973898858
1109 0.04730831973898858
1110 0.04730831973898858
1111 0.04730831973898858
827 0.04730831973898858
936 0.04730831973898858
675 0.04730831973898858
111 0.04730831973898858
718 0.04730831973898858
1121 0.04730831973898858
341 0.04730831973898858
525 0.04730831973898858
966 0.04730831973898858
528 0.04730831973898858
352 0.04730831973898858
149 0.04730831973898858
481 0.04730831973898858
598 0.04730831973898858
508 0.04730831973898858
155 0.04730831973898858
664 0.04730831973898858
677 0.04730831973898858
166 0.04730831973898858
1053 0.04730831973898858
530 0.04730831973898858
814 0.04730831973898858
787 0.04730831973898858
323 0.04730831973898858
716 0.04730831973898858
1067 0.04730831973898858
975 0.04730831973898858
329 0.04730831973898858
1029 0.04730831973898858
292 0.04730831973898858
273 0.04730831973898858
1139 0.04730831973898858
439 0.04730831973898858
713 0.04730831973898858
29 0.04730831973898858
1105 0.04730831973898858
476 0.04730831973898858
678 0.04730831973898858
378 0.04730831973898858
114 0.04730831973898858
807 0.04730831973898858
712 0.04730831973898858
969 0.04730831973898858
788 0.04730831973898858
552 0.04730831973898858
654 0.04730831973898858
277 0.04730831973898858
892 0.04730831973898858
1083 0.04730831973898858
1004 0.04730831973898858
808 0.04730831973898858
553 0.04730831973898858
436 0.04730831973898858
615 0.04730831973898858
430 0.04730831973898858
875 0.04730831973898858
596 0.04730831973898858
169 0.04730831973898858
531 0.04730831973898858
532 0.04730831973898858
730 0.04730831973898858
690 0.04730831973898858
1119 0.04730831973898858
201 0.04730831973898858
408 0.04730831973898858
1093 0.04730831973898858
152 0.04730831973898858
389 0.04730831973898858
380 0.04730831973898858
498 0.04730831973898858
485 0.04730831973898858
259 0.04730831973898858
263 0.04730831973898858
707 0.04730831973898858
84 0.04730831973898858
303 0.044861337683523655
230 0.044861337683523655
284 0.044861337683523655
279 0.044861337683523655
487 0.044861337683523655
638 0.044861337683523655
116 0.044861337683523655
1066 0.044861337683523655
825 0.044861337683523655
489 0.044861337683523655
188 0.044861337683523655
32 0.044861337683523655
569 0.044861337683523655
44 0.044861337683523655
333 0.044861337683523655
340 0.044861337683523655
993 0.044861337683523655
581 0.044861337683523655
1024 0.044861337683523655
495 0.044861337683523655
324 0.044861337683523655
910 0.044861337683523655
421 0.044861337683523655
1195 0.044861337683523655
327 0.044861337683523655
395 0.044861337683523655
301 0.044861337683523655
1185 0.044861337683523655
374 0.044861337683523655
419 0.044861337683523655
406 0.044861337683523655
850 0.044861337683523655
940 0.044861337683523655
1084 0.044861337683523655
137 0.044861337683523655
824 0.044861337683523655
1007 0.044861337683523655
953 0.044861337683523655
683 0.044861337683523655
253 0.044861337683523655
863 0.044861337683523655
366 0.044861337683523655
968 0.044861337683523655
660 0.044861337683523655
492 0.044861337683523655
1063 0.044861337683523655
655 0.044861337683523655
1018 0.044861337683523655
696 0.044861337683523655
698 0.044861337683523655
826 0.044861337683523655
474 0.044861337683523655
482 0.044861337683523655
674 0.044861337683523655
12 0.044861337683523655
274 0.044861337683523655
557 0.044861337683523655
670 0.044861337683523655
370 0.041598694942903754
47 0.041598694942903754
529 0.041598694942903754
1213 0.041598694942903754
578 0.041598694942903754
499 0.041598694942903754
854 0.041598694942903754
57 0.017128874388254486
671 0.017128874388254486
297 0.017128874388254486
706 0.017128874388254486
412 0.017128874388254486
1054 0.017128874388254486
534 0.017128874388254486
496 0.017128874388254486
1127 0.017128874388254486
976 0.017128874388254486
1087 0.017128874388254486
621 0.017128874388254486
903 0.017128874388254486
984 0.017128874388254486
238 0.017128874388254486
243 0.017128874388254486
767 0.017128874388254486
141 0.017128874388254486
490 0.017128874388254486
494 0.017128874388254486
905 0.017128874388254486
565 0.017128874388254486
1120 0.017128874388254486
790 0.017128874388254486
501 0.017128874388254486
1114 0.017128874388254486
1167 0.017128874388254486
836 0.017128874388254486
1034 0.017128874388254486
661 0.017128874388254486
960 0.017128874388254486
744 0.017128874388254486
1001 0.017128874388254486
358 0.017128874388254486
1019 0.017128874388254486
802 0.017128874388254486
783 0.017128874388254486
822 0.017128874388254486
401 0.017128874388254486
1118 0.017128874388254486
510 0.017128874388254486
1006 0.017128874388254486
1048 0.017128874388254486
755 0.011419249592169658
4 0.011419249592169658
594 0.011419249592169658
1122 0.011419249592169658
373 0.011419249592169658
159 0.011419249592169658
521 0.011419249592169658
1090 0.011419249592169658
276 0.011419249592169658
1209 0.011419249592169658
306 0.011419249592169658
281 0.011419249592169658
1225 0.011419249592169658
343 0.011419249592169658
738 0.011419249592169658
1214 0.011419249592169658
723 0.011419249592169658
700 0.011419249592169658
996 0.011419249592169658
749 0.011419249592169658
991 0.011419249592169658
1015 0.011419249592169658
974 0.011419249592169658
356 0.011419249592169658
555 0.011419249592169658
542 0.011419249592169658
1115 0.011419249592169658
309 0.011419249592169658
731 0.011419249592169658
409 0.011419249592169658
572 0.011419249592169658
639 0.011419249592169658
672 0.011419249592169658
1058 0.011419249592169658
130 0.011419249592169658
165 0.011419249592169658
1092 0.011419249592169658
1051 0.011419249592169658
448 0.011419249592169658
1040 0.011419249592169658
454 0.011419249592169658
315 0.011419249592169658
293 0.011419249592169658
300 0.011419249592169658
1094 0.011419249592169658
982 0.011419249592169658
168 0.011419249592169658
433 0.011419249592169658
503 0.011419249592169658
1079 0.011419249592169658
593 0.011419249592169658
812 0.011419249592169658
613 0.011419249592169658
180 0.011419249592169658
554 0.011419249592169658
998 0.011419249592169658
662 0.011419249592169658
774 0.011419249592169658
983 0.011419249592169658
945 0.011419249592169658
848 0.011419249592169658
753 0.011419249592169658
771 0.011419249592169658
776 0.011419249592169658
526 0.011419249592169658
10 0.011419249592169658
803 0.011419249592169658
470 0.011419249592169658
668 0.011419249592169658
181 0.011419249592169658
693 0.011419249592169658
995 0.011419249592169658
1000 0.011419249592169658
1128 0.011419249592169658
972 0.011419249592169658
1068 0.011419249592169658
425 0.011419249592169658
365 0.011419249592169658
819 0.011419249592169658
559 0.011419249592169658
252 0.011419249592169658
841 0.011419249592169658
909 0.011419249592169658
762 0.011419249592169658
1017 0.011419249592169658
545 0.011419249592169658
270 0.011419249592169658
1149 0.011419249592169658
486 0.011419249592169658
676 0.011419249592169658
560 0.011419249592169658
179 0.011419249592169658
786 0.011419249592169658
989 0.011419249592169658
880 0.011419249592169658
1073 0.011419249592169658
484 0.011419249592169658
146 0.011419249592169658
267 0.011419249592169658
810 0.011419249592169658
256 0.011419249592169658
692 0.011419249592169658
681 0.011419249592169658
714 0.011419249592169658
602 0.011419249592169658
820 0.011419249592169658
250 0.011419249592169658
282 0.011419249592169658
601 0.011419249592169658
866 0.011419249592169658
203 0.011419249592169658
952 0.011419249592169658
268 0.011419249592169658
971 0.011419249592169658
1222 0.011419249592169658
1016 0.011419249592169658
214 0.011419249592169658
464 0.008156606851549755
1210 0.008156606851549755
493 0.008156606851549755
965 0.008156606851549755
331 0.008156606851549755
793 0.008156606851549755
1025 0.008156606851549755
376 0.008156606851549755
981 0.008156606851549755
176 0.008156606851549755
728 0.008156606851549755
1082 0.008156606851549755
1089 0.008156606851549755
1010 0.008156606851549755
233 0.008156606851549755
1126 0.008156606851549755
1107 0.008156606851549755
682 0.008156606851549755
431 0.008156606851549755
509 0.008156606851549755
622 0.008156606851549755
1074 0.008156606851549755
438 0.008156606851549755
891 0.008156606851549755
831 0.008156606851549755
1023 0.008156606851549755
1075 0.008156606851549755
302 0.008156606851549755
239 0.008156606851549755
792 0.008156606851549755
1117 0.008156606851549755
458 0.008156606851549755
732 0.008156606851549755
1142 0.008156606851549755
232 0.008156606851549755
1060 0.008156606851549755
932 0.008156606851549755
954 0.008156606851549755
902 0.008156606851549755
828 0.008156606851549755
30 0.008156606851549755
1129 0.008156606851549755
224 0.008156606851549755
961 0.008156606851549755
754 0.008156606851549755
799 0.008156606851549755
1069 0.008156606851549755
228 0.008156606851549755
1027 0.008156606851549755
943 0.008156606851549755
477 0.008156606851549755
287 0.008156606851549755
648 0.008156606851549755
1014 0.008156606851549755
177 0.008156606851549755
561 0.008156606851549755
592 0.008156606851549755
567 0.008156606851549755
580 0.008156606851549755
1138 0.008156606851549755
992 0.008156606851549755
1026 0.008156606851549755
781 0.008156606851549755
414 0.008156606851549755
636 0.008156606851549755
930 0.008156606851549755
763 0.008156606851549755
625 0.008156606851549755
939 0.008156606851549755
780 0.008156606851549755
856 0.008156606851549755
432 0.008156606851549755
1061 0.008156606851549755
1131 0.008156606851549755
872 0.00734094616639478
878 0.00734094616639478
1091 0.00734094616639478
745 0.00734094616639478
440 0.00734094616639478
443 0.00734094616639478
1221 0.00734094616639478
855 0.00734094616639478
800 0.00734094616639478
795 0.00734094616639478
556 0.00734094616639478
1157 0.00734094616639478
158 0.00734094616639478
58 0.00734094616639478
761 0.00734094616639478
1124 0.00734094616639478
1039 0.00734094616639478
608 0.00734094616639478
1049 0.00734094616639478
479 0.00734094616639478
958 0.00734094616639478
988 0.00734094616639478
544 0.00734094616639478
1095 0.00734094616639478
1062 0.00734094616639478
704 0.00734094616639478
701 0.00734094616639478
517 0.00734094616639478
987 0.00734094616639478
59 0.00734094616639478
599 0.00734094616639478
1207 0.00734094616639478
830 0.00734094616639478
1123 0.00734094616639478
221 0.00734094616639478
182 0.00734094616639478
399 0.00734094616639478
1011 0.00734094616639478
1183 0.00734094616639478
163 0.00734094616639478
1208 0.00734094616639478
1052 0.00734094616639478
725 0.00734094616639478
413 0.00734094616639478
248 0.00734094616639478
1086 0.00734094616639478
1045 0.00734094616639478
873 0.00734094616639478
350 0.00734094616639478
708 0.00734094616639478
1046 0.00734094616639478
491 0.00734094616639478
518 0.00734094616639478
31 0.00734094616639478
1033 0.00734094616639478
746 0.00734094616639478
949 0.00734094616639478
699 0.00734094616639478
1047 0.00734094616639478
338 0.00734094616639478
951 0.00734094616639478
637 0.00734094616639478
1174 0.00734094616639478
183 0.00734094616639478
979 0.00734094616639478
1055 0.00734094616639478
1125 0.00734094616639478
1143 0.00734094616639478
942 0.00734094616639478
1192 0.00734094616639478
398 0.00734094616639478
548 0.00734094616639478
441 0.00734094616639478
519 0.00734094616639478
1104 0.00734094616639478
1088 0.00734094616639478
445 0.00734094616639478
1080 0.00734094616639478
1002 0.00734094616639478
935 0.00734094616639478
129 0.00734094616639478
1194 0.00734094616639478
1037 0.00734094616639478
563 0.00734094616639478
447 0.00734094616639478
794 0.00734094616639478
784 0.00734094616639478
264 0.00734094616639478
304 0.00734094616639478
680 0.00734094616639478
623 0.00734094616639478
948 0.00734094616639478
1202 0.00734094616639478
289 0.00734094616639478
446 0.00734094616639478
1021 0.00734094616639478
715 0.00734094616639478
1096 0.00734094616639478
497 0.00734094616639478
483 0.00734094616639478
326 0.00734094616639478
549 0.00734094616639478
1133 0.00734094616639478
1100 0.00734094616639478
38 0.00734094616639478
39 0.00734094616639478
879 0.00734094616639478
1147 0.00734094616639478
393 0.00734094616639478
210 0.00734094616639478
748 0.00734094616639478
750 0.00734094616639478
751 0.00734094616639478
752 0.00734094616639478
765 0.00734094616639478
766 0.00734094616639478
773 0.00734094616639478
685 0.00734094616639478
858 0.00734094616639478
1206 0.00734094616639478
461 0.00734094616639478
1036 0.00734094616639478
437 0.00734094616639478
727 0.00734094616639478
1144 0.00734094616639478
947 0.00734094616639478
1217 0.00734094616639478
346 0.00734094616639478
1203 0.00734094616639478
1081 0.00734094616639478
1189 0.00734094616639478
1170 0.00734094616639478
513 0.00734094616639478
372 0.00734094616639478
218 0.00734094616639478
255 0.00734094616639478
809 0.00734094616639478
837 0.00734094616639478
838 0.00734094616639478
1204 0.00734094616639478
595 0.00734094616639478
973 0.00734094616639478
956 0.00734094616639478
359 0.00734094616639478
1220 0.00734094616639478
742 0.00734094616639478
928 0.00734094616639478
717 0.00734094616639478
629 0.00734094616639478
743 0.00734094616639478
929 0.00734094616639478
881 0.00734094616639478
1101 0.00734094616639478
1020 0.00734094616639478
1223 0.00734094616639478
904 0.00734094616639478
896 0.00734094616639478
450 0.00734094616639478
1164 0.00734094616639478
1182 0.00734094616639478
1175 0.00734094616639478
1044 0.00734094616639478
883 0.00734094616639478
1199 0.00734094616639478
868 0.00734094616639478
1150 0.00734094616639478
1151 0.00734094616639478
566 0.00734094616639478
351 0.00734094616639478
772 0.00734094616639478
653 0.00734094616639478
882 0.00734094616639478
977 0.00734094616639478
1218 0.00734094616639478
997 0.00734094616639478
925 0.00734094616639478
1160 0.00734094616639478
950 0.00734094616639478
938 0.00734094616639478
574 0.00734094616639478
630 0.00734094616639478
196 0.00734094616639478
348 0.00734094616639478
79 0.00734094616639478
877 0.00734094616639478
606 0.00734094616639478
546 0.00734094616639478
1103 0.00734094616639478
538 0.00734094616639478
452 0.00734094616639478
585 0.004893964110929853
1187 0.004078303425774877
1146 0.004078303425774877
1059 0.004078303425774877
994 0.004078303425774877
1205 0.004078303425774877
1022 0.004078303425774877
1137 0.004078303425774877
897 0.004078303425774877
978 0.004078303425774877
642 0.004078303425774877
1224 0.004078303425774877
1028 0.004078303425774877
1145 0.004078303425774877
933 0.004078303425774877
442 0.004078303425774877
568 0.004078303425774877
195 0.004078303425774877
705 0.004078303425774877
1190 0.004078303425774877
999 0.004078303425774877
899 0.004078303425774877
330 0.004078303425774877
937 0.004078303425774877
1064 0.004078303425774877
644 0.004078303425774877
869 0.004078303425774877
679 0.004078303425774877
1085 0.004078303425774877
1042 0.004078303425774877
876 0.004078303425774877
54 0.004078303425774877
926 0.004078303425774877
607 0.004078303425774877
375 0.004078303425774877
618 0.004078303425774877
1031 0.004078303425774877
1212 0.004078303425774877
1158 0.004078303425774877
652 0.004078303425774877
1041 0.004078303425774877
759 0.004078303425774877
1215 0.004078303425774877
853 0.004078303425774877
354 0.004078303425774877
1180 0.004078303425774877
590 0.004078303425774877
1056 0.004078303425774877
934 0.004078303425774877
278 0.004078303425774877
1003 0.004078303425774877
955 0.004078303425774877
1216 0.004078303425774877
1141 0.004078303425774877
1219 0.004078303425774877
901 0.004078303425774877
917 0.004078303425774877
797 0.004078303425774877
355 0.004078303425774877
920 0.004078303425774877
369 0.004078303425774877
1032 0.004078303425774877
721 0.004078303425774877
456 0.004078303425774877
1102 0.004078303425774877
316 0.004078303425774877
512 0.004078303425774877
900 0.004078303425774877
927 0.004078303425774877
1193 0.004078303425774877
798 0.004078303425774877
471 0.004078303425774877
362 0.004078303425774877
609 0.004078303425774877
1065 0.004078303425774877
860 0.004078303425774877
702 0.004078303425774877
235 0.004078303425774877
1211 0.004078303425774877
1201 0.004078303425774877
1159 0.004078303425774877
1200 0.004078303425774877
833 0.004078303425774877
1173 0.004078303425774877
643 0.004078303425774877
1176 0.004078303425774877
1165 0.004078303425774877
457 0.004078303425774877
507 0.004078303425774877
1099 0.004078303425774877
724 0.004078303425774877
1078 0.004078303425774877
1097 0.004078303425774877
726 0.004078303425774877
756 0.004078303425774877
381 0.004078303425774877
1168 0.004078303425774877
944 0.004078303425774877
889 0.004078303425774877
1152 0.0032626427406199023
1177 0.0032626427406199023
760 0.0032626427406199023
1169 0.0032626427406199023
1184 0.0032626427406199023
758 0.0032626427406199023
1098 0.0032626427406199023
887 0.0032626427406199023
757 0.0032626427406199023
703 0.0032626427406199023
1076 0.0032626427406199023
1166 0.0032626427406199023
1161 0.0032626427406199023
687 0.0032626427406199023
1172 0.0032626427406199023
394 0.0032626427406199023
888 0.0032626427406199023
261 0.0032626427406199023
502 0.0032626427406199023
1186 0.0032626427406199023
1077 0.0032626427406199023
924 0.0032626427406199023
908 0.0032626427406199023
906 0.0032626427406199023
591 0.0032626427406199023
1197 0.0032626427406199023
1198 0.0032626427406199023
1156 0.0032626427406199023
918 0.0032626427406199023
589 0.0024469820554649264
1178 0.0024469820554649264
41 0.0024469820554649264
911 0.0024469820554649264
884 0.0024469820554649264
516 0.0024469820554649264
1132 0.0024469820554649264
921 0.0024469820554649264
1136 0.0024469820554649264
907 0.0024469820554649264
1171 0.0024469820554649264
1191 0.0024469820554649264
500 0.0024469820554649264
505 0.0024469820554649264
241 0.0024469820554649264
245 0.0024469820554649264
246 0.0024469820554649264
1130 0.0024469820554649264
579 0.0024469820554649264
539 0.0024469820554649264
226 0.0024469820554649264
227 0.0024469820554649264
242 0.0024469820554649264
244 0.0024469820554649264
247 0.0024469820554649264
1153 0.0024469820554649264
462 0.0024469820554649264
817 0.0024469820554649264
610 0.0024469820554649264
694 0.0024469820554649264
697 0.0024469820554649264
834 0.0024469820554649264
463 0.0024469820554649264
415 0.0024469820554649264
1155 0.0024469820554649264
919 0.0024469820554649264
914 0.0024469820554649264
923 0.0024469820554649264
1179 0.0024469820554649264
588 0.0016313213703099511
922 0.0016313213703099511
632 0.0016313213703099511
586 0.0016313213703099511
1162 0.0016313213703099511
861 0.0016313213703099511
1154 0.0016313213703099511
587 0.0016313213703099511
778 0.0016313213703099511
846 0.0016313213703099511
1113 0.0016313213703099511
514 0.0016313213703099511
308 0.0016313213703099511
912 0.0016313213703099511
885 0.0016313213703099511
584 0.0016313213703099511
416 0.0016313213703099511
504 0.0016313213703099511
1135 0.0016313213703099511
611 0.0008156606851549756
1009 0.0008156606851549756
379 0.0008156606851549756
231 0.0008156606851549756
673 0.0008156606851549756
582 0.0008156606851549756
367 0.0008156606851549756
418 0.0008156606851549756
764 0.0008156606851549756
651 0.0008156606851549756
768 0.0008156606851549756
770 0.0008156606851549756
722 0.0008156606851549756
575 0.0008156606851549756
236 0.0008156606851549756
874 0.0008156606851549756
832 0.0008156606851549756
363 0.0008156606851549756
1030 0.0008156606851549756
1035 0.0008156606851549756
1038 0.0008156606851549756
1043 0.0008156606851549756
811 0.0008156606851549756
816 0.0008156606851549756
1188 0.0008156606851549756
777 0.0008156606851549756
845 0.0008156606851549756
1112 0.0008156606851549756
835 0.0008156606851549756
1181 0.0008156606851549756
1196 0.0008156606851549756
818 0.0008156606851549756
915 0.0008156606851549756
515 0.0008156606851549756
583 0.0008156606851549756
633 0.0008156606851549756
540 0.0008156606851549756
862 0.0008156606851549756
886 0.0008156606851549756
913 0.0008156606851549756
1163 0.0008156606851549756
417 0.0008156606851549756
612 0.0008156606851549756
1134 0
