0 0.9622109419063734
1 0.9616469261139312
3 0.9605188945290468
2 0.9571347997743936
9 0.9565707839819515
18 0.9537507050197406
27 0.9526226734348562
25 0.9503666102650874
4 0.949238578680203
16 0.9458544839255499
5 0.9452904681331077
32 0.9435984207557812
31 0.9402143260011281
23 0.9396503102086858
387 0.9390862944162437
21 0.9357021996615905
34 0.9351381838691484
187 0.9345741680767061
89 0.934010152284264
14 0.9323181049069373
92 0.9311900733220531
174 0.9306260575296108
8 0.9300620417371687
22 0.928369994359842
12 0.9272419627749577
39 0.9266779469825155
130 0.9261139311900733
19 0.9227298364354202
24 0.922165820642978
61 0.9216018048505358
35 0.9204737732656514
6 0.9199097574732092
47 0.9193457416807671
10 0.9187817258883249
20 0.9182177100958827
29 0.9165256627185561
65 0.9153976311336718
411 0.9148336153412295
53 0.9137055837563451
13 0.9125775521714607
37 0.9108855047941342
56 0.9091934574168077
383 0.9080654258319233
7 0.9035532994923858
125 0.9029892836999436
41 0.9024252679075014
36 0.8984771573604061
161 0.8979131415679639
96 0.8967851099830795
170 0.8950930626057529
109 0.8934010152284264
390 0.8928369994359842
93 0.8911449520586576
67 0.8905809362662155
17 0.8900169204737732
99 0.8894529046813311
158 0.8888888888888888
131 0.8860688099266779
52 0.8843767625493514
108 0.8826847151720248
50 0.8821206993795826
46 0.8804286520022561
168 0.8798646362098139
459 0.8764805414551607
62 0.8759165256627186
155 0.8753525098702764
43 0.8747884940778342
105 0.8730964467005076
60 0.8719684151156233
250 0.8702763677382966
145 0.868020304568528
389 0.8674562887760857
68 0.8663282571912013
30 0.8652002256063169
522 0.8646362098138748
104 0.8612521150592216
366 0.8606880992667795
140 0.8573040045121263
86 0.8567399887196842
141 0.85053581500282
48 0.8499717992103779
201 0.8488437676254935
33 0.8477157360406091
38 0.8465877044557247
199 0.8460236886632826
229 0.8454596728708403
134 0.8443316412859561
415 0.8437676254935138
15 0.8403835307388607
469 0.8386914833615341
72 0.838127467569092
121 0.8347433728144388
409 0.8336153412295544
171 0.8319232938522279
464 0.8302312464749013
11 0.8285391990975748
567 0.8279751833051325
42 0.8274111675126904
476 0.8228990411731528
138 0.8212069937958263
608 0.8200789622109419
44 0.8195149464184998
458 0.8166948674562888
102 0.8155668358714044
467 0.8150028200789622
137 0.81443880428652
257 0.8138747884940778
153 0.8127467569091935
183 0.8110547095318669
386 0.8099266779469825
393 0.8093626621545403
200 0.8059785673998872
117 0.805414551607445
203 0.8048505358150028
122 0.8031584884376762
26 0.8025944726452341
64 0.8009024252679074
101 0.8003384094754653
206 0.7997743936830232
196 0.7992103778905809
71 0.7980823463056965
210 0.7969543147208121
205 0.7930062041737168
234 0.7913141567963903
478 0.7879300620417372
115 0.787366046249295
70 0.7868020304568528
95 0.7862380146644106
172 0.784545967287084
159 0.7828539199097575
488 0.7789058093626622
118 0.7783417935702199
572 0.7766497461928934
611 0.7760857304004513
538 0.7749576988155669
865 0.7721376198533559
120 0.7704455724760293
182 0.766497461928934
40 0.7642413987591653
778 0.7619853355893965
224 0.7608573040045121
460 0.7580372250423012
180 0.7557811618725324
129 0.7552171460800903
987 0.754653130287648
526 0.7523970671178793
85 0.7490129723632262
198 0.7473209249858996
58 0.7467569091934574
240 0.7461928934010152
51 0.745628877608573
370 0.7428087986463621
628 0.7405527354765934
116 0.7377326565143824
57 0.7360406091370558
126 0.7354765933446137
175 0.7326565143824028
378 0.7320924985899605
365 0.7309644670050761
236 0.730400451212634
463 0.7292724196277496
45 0.727580372250423
521 0.7264523406655387
74 0.7241962774957699
239 0.7230682459108855
55 0.7225042301184433
369 0.7191201353637902
421 0.7168640721940215
209 0.7157360406091371
63 0.7151720248166948
373 0.7129159616469262
243 0.7123519458544839
79 0.7117879300620418
246 0.7100958826847151
911 0.709531866892273
866 0.7067117879300621
91 0.7055837563451777
532 0.7038917089678511
73 0.6999435984207558
256 0.6993795826283136
235 0.6909193457416808
1084 0.688663282571912
629 0.6880992667794699
90 0.6835871404399323
432 0.6807670614777214
466 0.6785109983079526
465 0.6751269035532995
208 0.6745628877608573
720 0.6739988719684151
984 0.6711787930062042
894 0.670614777213762
54 0.6689227298364354
609 0.6666666666666666
157 0.6638465877044557
548 0.6632825719120136
551 0.6565143824027073
1333 0.6531302876480541
150 0.652566271855612
269 0.6503102086858432
128 0.649746192893401
371 0.6491821771009588
375 0.6480541455160744
87 0.6474901297236323
674 0.64692611393119
207 0.6446700507614214
810 0.643542019176537
177 0.6429780033840947
94 0.6424139875916526
660 0.6395939086294417
97 0.6390298928369994
106 0.6390298928369994
231 0.6384658770445573
143 0.6362098138747885
462 0.6356457980823463
944 0.6333897349125776
482 0.6311336717428088
233 0.6294416243654822
614 0.6249294980259448
66 0.6243654822335025
169 0.6238014664410604
763 0.6232374506486181
49 0.6215454032712916
76 0.6192893401015228
88 0.6085730400451212
154 0.5984207557811618
397 0.5972927241962775
59 0.5956006768189509
401 0.5893965031020869
112 0.5848843767625493
82 0.5843203609701072
890 0.5640157924421884
784 0.562887760857304
379 0.560067681895093
215 0.5578116187253243
529 0.5504794134235759
813 0.5499153976311336
781 0.5476593344613649
77 0.5454032712915962
254 0.5431472081218274
167 0.5431472081218274
612 0.5369430344049634
1106 0.5341229554427523
270 0.5335589396503102
474 0.5307388606880993
630 0.526790750141004
405 0.5262267343485617
525 0.5228426395939086
991 0.5205865764241399
28 0.5205865764241399
142 0.5177664974619289
263 0.503102086858432
523 0.49858996051889454
232 0.4957698815566836
407 0.4935138183869148
173 0.4935138183869148
204 0.4935138183869148
78 0.4935138183869148
837 0.4935138183869148
528 0.4935138183869148
226 0.4935138183869148
298 0.4935138183869148
701 0.49294980259447263
592 0.4895657078398195
306 0.4890016920473773
806 0.4884376762549351
1064 0.48279751833051326
555 0.48166948674562887
663 0.48166948674562887
381 0.48166948674562887
300 0.4686971235194585
81 0.46813310772701633
127 0.4658770445572476
111 0.4653130287648054
124 0.4653130287648054
100 0.4653130287648054
377 0.4647490129723632
497 0.4624929498025945
993 0.4619289340101523
1107 0.45685279187817257
191 0.45459672870840384
147 0.45459672870840384
485 0.44895657078398193
468 0.44895657078398193
410 0.446136491821771
470 0.4416243654822335
785 0.43034404963338974
412 0.4263959390862944
107 0.4213197969543147
160 0.4207557811618725
185 0.4196277495769882
98 0.419063733784546
272 0.419063733784546
886 0.4128595600676819
562 0.4083474337281444
408 0.40721940214326
844 0.4032712915961647
1114 0.4015792442188381
255 0.3993231810490694
176 0.398195149464185
1226 0.38973491257755216
780 0.38973491257755216
988 0.38804286520022563
954 0.38522278623801465
139 0.37112239142695996
971 0.3643542019176537
151 0.3598420755781162
396 0.3553299492385787
135 0.3536379018612521
531 0.3355893965031021
535 0.3350253807106599
382 0.3344613649182177
350 0.3344613649182177
356 0.3344613649182177
179 0.332205301748449
259 0.332205301748449
80 0.3316412859560068
750 0.329385222786238
392 0.32430908065425834
219 0.32205301748448956
83 0.3164128595600677
657 0.3164128595600677
194 0.3158488437676255
113 0.3141567963902989
406 0.30400451212633955
398 0.30400451212633955
1265 0.30005640157924424
368 0.29892836999435984
418 0.29723632261703326
241 0.29723632261703326
853 0.29723632261703326
152 0.29723632261703326
591 0.29385222786238013
279 0.29385222786238013
220 0.29385222786238013
223 0.2921601804850536
110 0.2915961646926114
561 0.27749576988155666
568 0.27749576988155666
1021 0.27467569091934574
75 0.2667794698251551
299 0.2667794698251551
123 0.2667794698251551
156 0.2667794698251551
683 0.2622673434856176
181 0.2622673434856176
242 0.2622673434856176
593 0.14946418499717992
244 0.14946418499717992
164 0.14946418499717992
178 0.14720812182741116
527 0.14720812182741116
277 0.14720812182741116
119 0.14720812182741116
388 0.14213197969543148
705 0.14213197969543148
271 0.14213197969543148
103 0.14213197969543148
321 0.14213197969543148
542 0.14156796390298929
710 0.14156796390298929
499 0.13931190073322053
736 0.1314156796390299
186 0.1314156796390299
1162 0.1314156796390299
779 0.12859560067681894
312 0.12859560067681894
1026 0.12803158488437677
297 0.12408347433728144
1029 0.11449520586576424
192 0.11449520586576424
264 0.10490693739424704
1122 0.10434292160180485
1028 0.10039481105470953
1193 0.09870276367738297
1259 0.09813874788494077
707 0.08065425831923294
1071 0.08065425831923294
1260 0.06034968979131416
419 0.06034968979131416
704 0.06034968979131416
274 0.06034968979131416
253 0.06034968979131416
414 0.06034968979131416
252 0.06034968979131416
560 0.06034968979131416
640 0.05752961082910321
836 0.04512126339537507
658 0.04512126339537507
840 0.04512126339537507
675 0.04512126339537507
596 0.043993231810490696
571 0.043993231810490696
1201 0.043993231810490696
559 0.043993231810490696
221 0.043993231810490696
845 0.043993231810490696
1261 0.043993231810490696
530 0.043993231810490696
237 0.043993231810490696
782 0.043993231810490696
267 0.043993231810490696
1057 0.043993231810490696
294 0.043993231810490696
597 0.043993231810490696
148 0.043993231810490696
374 0.043993231810490696
986 0.043993231810490696
534 0.043993231810490696
1513 0.043993231810490696
227 0.043993231810490696
461 0.043993231810490696
238 0.043993231810490696
84 0.04342921601804851
323 0.04342921601804851
326 0.04342921601804851
697 0.04286520022560632
304 0.04286520022560632
376 0.04286520022560632
359 0.04286520022560632
473 0.04286520022560632
351 0.04286520022560632
1240 0.04286520022560632
228 0.04173716864072194
287 0.04173716864072194
69 0.04173716864072194
211 0.04173716864072194
342 0.04173716864072194
184 0.04173716864072194
275 0.04173716864072194
317 0.04173716864072194
558 0.04173716864072194
248 0.04173716864072194
189 0.04173716864072194
706 0.03440496333897349
698 0.029328821206993795
484 0.029328821206993795
202 0.029328821206993795
524 0.029328821206993795
1005 0.029328821206993795
699 0.029328821206993795
838 0.029328821206993795
364 0.029328821206993795
218 0.029328821206993795
452 0.029328821206993795
536 0.029328821206993795
400 0.029328821206993795
391 0.029328821206993795
345 0.029328821206993795
354 0.029328821206993795
995 0.029328821206993795
595 0.029328821206993795
1313 0.029328821206993795
435 0.029328821206993795
1262 0.029328821206993795
260 0.029328821206993795
261 0.029328821206993795
490 0.029328821206993795
385 0.029328821206993795
751 0.029328821206993795
328 0.029328821206993795
334 0.029328821206993795
573 0.029328821206993795
133 0.029328821206993795
290 0.029328821206993795
311 0.029328821206993795
648 0.029328821206993795
193 0.029328821206993795
1231 0.029328821206993795
700 0.029328821206993795
795 0.029328821206993795
302 0.029328821206993795
413 0.029328821206993795
296 0.029328821206993795
1117 0.029328821206993795
758 0.029328821206993795
190 0.029328821206993795
1049 0.029328821206993795
245 0.029328821206993795
262 0.029328821206993795
280 0.029328821206993795
307 0.029328821206993795
278 0.029328821206993795
732 0.029328821206993795
363 0.029328821206993795
1271 0.029328821206993795
889 0.029328821206993795
217 0.029328821206993795
1141 0.029328821206993795
340 0.029328821206993795
367 0.029328821206993795
441 0.029328821206993795
1020 0.029328821206993795
1307 0.029328821206993795
832 0.029328821206993795
859 0.029328821206993795
861 0.029328821206993795
860 0.029328821206993795
214 0.029328821206993795
195 0.029328821206993795
631 0.02763677382966723
994 0.02763677382966723
1123 0.02763677382966723
1310 0.02763677382966723
308 0.02763677382966723
678 0.02763677382966723
319 0.02763677382966723
293 0.02763677382966723
913 0.02763677382966723
318 0.02763677382966723
395 0.02763677382966723
563 0.02763677382966723
399 0.02763677382966723
249 0.02763677382966723
266 0.02763677382966723
288 0.02763677382966723
1061 0.02763677382966723
166 0.02763677382966723
309 0.02763677382966723
964 0.02763677382966723
325 0.02763677382966723
540 0.02763677382966723
870 0.02763677382966723
162 0.02763677382966723
428 0.02763677382966723
330 0.02763677382966723
265 0.02763677382966723
149 0.02763677382966723
711 0.02763677382966723
1042 0.02763677382966723
1043 0.02763677382966723
1044 0.02763677382966723
1045 0.02763677382966723
737 0.02763677382966723
346 0.02763677382966723
310 0.02763677382966723
343 0.02763677382966723
839 0.02763677382966723
968 0.02763677382966723
1135 0.02763677382966723
990 0.02763677382966723
1521 0.02763677382966723
336 0.02763677382966723
289 0.02763677382966723
1104 0.02763677382966723
163 0.02763677382966723
197 0.02763677382966723
447 0.02763677382966723
426 0.02763677382966723
429 0.02763677382966723
662 0.02763677382966723
621 0.02763677382966723
873 0.02763677382966723
282 0.02763677382966723
276 0.02763677382966723
1270 0.02763677382966723
213 0.02763677382966723
313 0.02763677382966723
887 0.02763677382966723
888 0.02763677382966723
292 0.02763677382966723
329 0.02763677382966723
136 0.02763677382966723
230 0.02763677382966723
477 0.02763677382966723
146 0.02763677382966723
114 0.02763677382966723
918 0.02763677382966723
610 0.02763677382966723
355 0.02763677382966723
1113 0.02763677382966723
449 0.02763677382966723
479 0.02763677382966723
273 0.02763677382966723
322 0.02763677382966723
347 0.02763677382966723
544 0.02763677382966723
867 0.02763677382966723
303 0.02763677382966723
362 0.02763677382966723
937 0.02763677382966723
1023 0.02763677382966723
380 0.02707275803722504
503 0.02707275803722504
506 0.02707275803722504
327 0.02707275803722504
353 0.02707275803722504
284 0.02707275803722504
324 0.02707275803722504
637 0.02707275803722504
1127 0.02707275803722504
222 0.02707275803722504
338 0.02707275803722504
786 0.02707275803722504
788 0.02707275803722504
789 0.02707275803722504
793 0.02707275803722504
799 0.02707275803722504
801 0.02707275803722504
480 0.02707275803722504
999 0.02707275803722504
899 0.02707275803722504
819 0.02707275803722504
314 0.02707275803722504
132 0.02707275803722504
564 0.02707275803722504
686 0.02707275803722504
510 0.02707275803722504
517 0.02707275803722504
1092 0.02707275803722504
1200 0.02707275803722504
285 0.02707275803722504
358 0.02707275803722504
985 0.02707275803722504
666 0.02707275803722504
357 0.02707275803722504
339 0.02707275803722504
1022 0.02707275803722504
144 0.02707275803722504
679 0.02707275803722504
1004 0.02707275803722504
900 0.02707275803722504
1274 0.02707275803722504
575 0.02707275803722504
225 0.02707275803722504
443 0.02707275803722504
416 0.02707275803722504
1024 0.02707275803722504
1115 0.02707275803722504
450 0.02707275803722504
547 0.02707275803722504
422 0.02707275803722504
619 0.02707275803722504
1171 0.02707275803722504
348 0.02707275803722504
295 0.02707275803722504
632 0.026508742244782856
1309 0.026508742244782856
1311 0.026508742244782856
361 0.026508742244782856
433 0.026508742244782856
835 0.026508742244782856
337 0.026508742244782856
1116 0.026508742244782856
708 0.025944726452340666
436 0.025944726452340666
454 0.025944726452340666
734 0.025944726452340666
874 0.016356457980823462
423 0.016356457980823462
729 0.016356457980823462
251 0.016356457980823462
335 0.016356457980823462
165 0.016356457980823462
281 0.016356457980823462
1258 0.016356457980823462
1128 0.016356457980823462
928 0.016356457980823462
639 0.016356457980823462
689 0.014664410603496898
440 0.014664410603496898
394 0.014664410603496898
437 0.014664410603496898
714 0.014664410603496898
694 0.012972363226170333
268 0.012972363226170333
741 0.012972363226170333
417 0.012972363226170333
712 0.012972363226170333
713 0.012972363226170333
715 0.012972363226170333
1524 0.012972363226170333
1525 0.012972363226170333
1526 0.012972363226170333
1527 0.012972363226170333
1528 0.012972363226170333
1530 0.012972363226170333
247 0.012972363226170333
537 0.012972363226170333
1435 0.012972363226170333
1436 0.012972363226170333
1437 0.012972363226170333
1438 0.012972363226170333
1441 0.012972363226170333
1443 0.012972363226170333
1229 0.012972363226170333
1073 0.012972363226170333
891 0.012972363226170333
489 0.012972363226170333
430 0.012972363226170333
1188 0.012972363226170333
579 0.012972363226170333
344 0.012972363226170333
451 0.012972363226170333
973 0.012972363226170333
1032 0.012972363226170333
589 0.012972363226170333
633 0.012972363226170333
384 0.012972363226170333
769 0.012972363226170333
730 0.012972363226170333
760 0.012972363226170333
320 0.012972363226170333
453 0.012972363226170333
549 0.012972363226170333
910 0.012972363226170333
556 0.012972363226170333
759 0.012972363226170333
487 0.012408347433728144
1199 0.012408347433728144
332 0.012408347433728144
352 0.012408347433728144
1263 0.012408347433728144
1264 0.012408347433728144
945 0.012408347433728144
719 0.012408347433728144
305 0.012408347433728144
434 0.012408347433728144
546 0.012408347433728144
1100 0.012408347433728144
709 0.012408347433728144
420 0.012408347433728144
545 0.012408347433728144
1118 0.012408347433728144
315 0.012408347433728144
341 0.012408347433728144
1221 0.012408347433728144
1220 0.012408347433728144
1222 0.012408347433728144
1223 0.012408347433728144
360 0.012408347433728144
1126 0.012408347433728144
212 0.012408347433728144
216 0.012408347433728144
349 0.012408347433728144
1298 0.012408347433728144
692 0.012408347433728144
616 0.012408347433728144
316 0.012408347433728144
541 0.012408347433728144
645 0.012408347433728144
792 0.012408347433728144
291 0.012408347433728144
566 0.012408347433728144
425 0.012408347433728144
933 0.009588268471517203
486 0.009588268471517203
333 0.009588268471517203
188 0.009588268471517203
1690 0.009588268471517203
403 0.009588268471517203
613 0.009588268471517203
438 0.009588268471517203
456 0.009588268471517203
1035 0.009588268471517203
331 0.009588268471517203
493 0.009588268471517203
498 0.009588268471517203
1217 0.009588268471517203
1613 0.009588268471517203
821 0.009588268471517203
1176 0.009588268471517203
483 0.009588268471517203
569 0.009588268471517203
570 0.009588268471517203
583 0.009588268471517203
475 0.009588268471517203
742 0.009588268471517203
743 0.009588268471517203
1074 0.009588268471517203
924 0.009588268471517203
1245 0.009588268471517203
554 0.009588268471517203
511 0.009588268471517203
1512 0.006204173716864072
427 0.006204173716864072
718 0.006204173716864072
809 0.006204173716864072
1640 0.006204173716864072
1641 0.006204173716864072
283 0.006204173716864072
301 0.006204173716864072
1631 0.006204173716864072
1069 0.006204173716864072
878 0.006204173716864072
615 0.006204173716864072
286 0.006204173716864072
601 0.006204173716864072
518 0.006204173716864072
585 0.006204173716864072
682 0.006204173716864072
557 0.006204173716864072
1040 0.006204173716864072
492 0.006204173716864072
502 0.006204173716864072
504 0.006204173716864072
578 0.006204173716864072
581 0.006204173716864072
915 0.006204173716864072
681 0.006204173716864072
471 0.006204173716864072
472 0.006204173716864072
424 0.006204173716864072
738 0.006204173716864072
852 0.006204173716864072
685 0.006204173716864072
576 0.006204173716864072
907 0.006204173716864072
893 0.006204173716864072
500 0.006204173716864072
898 0.006204173716864072
868 0.006204173716864072
896 0.006204173716864072
740 0.006204173716864072
402 0.006204173716864072
543 0.006204173716864072
574 0.006204173716864072
1272 0.006204173716864072
1190 0.006204173716864072
1191 0.006204173716864072
929 0.006204173716864072
854 0.006204173716864072
533 0.006204173716864072
1614 0.006204173716864072
880 0.006204173716864072
599 0.006204173716864072
495 0.006204173716864072
507 0.006204173716864072
439 0.006204173716864072
552 0.006204173716864072
1386 0.006204173716864072
508 0.006204173716864072
652 0.006204173716864072
1036 0.006204173716864072
582 0.006204173716864072
1275 0.006204173716864072
539 0.006204173716864072
997 0.006204173716864072
680 0.006204173716864072
912 0.006204173716864072
431 0.006204173716864072
721 0.006204173716864072
1237 0.006204173716864072
1142 0.006204173716864072
931 0.006204173716864072
565 0.006204173716864072
627 0.006204173716864072
505 0.006204173716864072
796 0.006204173716864072
659 0.006204173716864072
773 0.006204173716864072
922 0.006204173716864072
923 0.006204173716864072
1558 0.005076142131979695
667 0.005076142131979695
1163 0.005076142131979695
1175 0.005076142131979695
1166 0.005076142131979695
404 0.005076142131979695
584 0.005076142131979695
953 0.005076142131979695
641 0.005076142131979695
702 0.005076142131979695
1684 0.005076142131979695
1041 0.005076142131979695
676 0.005076142131979695
677 0.005076142131979695
519 0.005076142131979695
703 0.005076142131979695
1098 0.005076142131979695
932 0.005076142131979695
636 0.005076142131979695
258 0.005076142131979695
739 0.005076142131979695
826 0.005076142131979695
1314 0.005076142131979695
671 0.005076142131979695
1006 0.005076142131979695
1007 0.005076142131979695
1011 0.005076142131979695
481 0.005076142131979695
512 0.005076142131979695
825 0.005076142131979695
501 0.005076142131979695
661 0.005076142131979695
856 0.005076142131979695
858 0.005076142131979695
494 0.005076142131979695
491 0.005076142131979695
1095 0.005076142131979695
1450 0.005076142131979695
1485 0.0045121263395375075
946 0.0045121263395375075
1058 0.0045121263395375075
550 0.0045121263395375075
851 0.0045121263395375075
974 0.0045121263395375075
1267 0.0045121263395375075
588 0.0045121263395375075
1376 0.0045121263395375075
520 0.0045121263395375075
940 0.0045121263395375075
446 0.0045121263395375075
442 0.0045121263395375075
1692 0.0045121263395375075
1693 0.0045121263395375075
1694 0.0045121263395375075
1695 0.0045121263395375075
1273 0.0045121263395375075
842 0.0045121263395375075
553 0.0045121263395375075
1327 0.0045121263395375075
1328 0.0045121263395375075
1329 0.0045121263395375075
1330 0.0045121263395375075
1331 0.0045121263395375075
892 0.0045121263395375075
1134 0.0045121263395375075
1027 0.0045121263395375075
514 0.0045121263395375075
445 0.0045121263395375075
448 0.0045121263395375075
1364 0.0045121263395375075
587 0.0045121263395375075
1566 0.0045121263395375075
455 0.0045121263395375075
693 0.0045121263395375075
1308 0.0045121263395375075
513 0.0045121263395375075
841 0.0045121263395375075
620 0.0045121263395375075
372 0.0045121263395375075
516 0.0045121263395375075
843 0.0045121263395375075
820 0.0045121263395375075
722 0.0045121263395375075
1617 0.0045121263395375075
668 0.0045121263395375075
457 0.0045121263395375075
1009 0.0045121263395375075
634 0.0045121263395375075
1332 0.0045121263395375075
1025 0.0045121263395375075
1336 0.0045121263395375075
1609 0.0045121263395375075
764 0.0045121263395375075
1316 0.0045121263395375075
1081 0.0045121263395375075
1312 0.0045121263395375075
848 0.0045121263395375075
811 0.0045121263395375075
762 0.0045121263395375075
992 0.0045121263395375075
577 0.0045121263395375075
1173 0.0045121263395375075
1178 0.0045121263395375075
1179 0.0045121263395375075
1177 0.0045121263395375075
1180 0.0045121263395375075
1183 0.0045121263395375075
1018 0.0045121263395375075
983 0.0045121263395375075
1688 0.0045121263395375075
1689 0.0045121263395375075
1234 0.0045121263395375075
1235 0.0045121263395375075
1236 0.0045121263395375075
822 0.0045121263395375075
1377 0.0045121263395375075
877 0.0045121263395375075
752 0.0045121263395375075
753 0.0045121263395375075
754 0.0045121263395375075
755 0.0045121263395375075
509 0.0045121263395375075
830 0.0045121263395375075
831 0.0045121263395375075
901 0.0045121263395375075
846 0.0045121263395375075
1392 0.0045121263395375075
1387 0.0045121263395375075
1389 0.0045121263395375075
1390 0.0045121263395375075
1391 0.0045121263395375075
1302 0.0045121263395375075
1195 0.0045121263395375075
1196 0.0045121263395375075
603 0.0045121263395375075
1062 0.0045121263395375075
1067 0.0045121263395375075
863 0.0045121263395375075
727 0.0045121263395375075
869 0.0045121263395375075
1315 0.0045121263395375075
1599 0.0045121263395375075
687 0.0045121263395375075
1056 0.0045121263395375075
444 0.0045121263395375075
598 0.0045121263395375075
1227 0.0045121263395375075
664 0.0045121263395375075
665 0.0045121263395375075
670 0.0045121263395375075
733 0.0045121263395375075
735 0.0045121263395375075
590 0.0045121263395375075
580 0.0045121263395375075
1017 0.0045121263395375075
1031 0.0045121263395375075
731 0.0045121263395375075
947 0.0045121263395375075
1189 0.0045121263395375075
1252 0.00338409475465313
1099 0.00338409475465313
586 0.00338409475465313
1615 0.00338409475465313
1491 0.00338409475465313
1341 0.00338409475465313
1342 0.00338409475465313
1343 0.00338409475465313
1344 0.00338409475465313
1039 0.00338409475465313
766 0.00338409475465313
771 0.00338409475465313
688 0.00338409475465313
1380 0.00338409475465313
798 0.00338409475465313
1670 0.00338409475465313
1671 0.00338409475465313
1672 0.00338409475465313
1673 0.00338409475465313
1737 0.00338409475465313
1738 0.00338409475465313
1739 0.00338409475465313
1740 0.00338409475465313
1742 0.00338409475465313
1743 0.00338409475465313
1744 0.00338409475465313
1745 0.00338409475465313
635 0.00338409475465313
656 0.00338409475465313
728 0.00338409475465313
783 0.00338409475465313
761 0.00338409475465313
1358 0.00338409475465313
1359 0.00338409475465313
618 0.00338409475465313
1152 0.00338409475465313
1153 0.00338409475465313
1547 0.00338409475465313
1603 0.00338409475465313
1403 0.00338409475465313
1404 0.00338409475465313
1405 0.00338409475465313
1406 0.00338409475465313
1536 0.00338409475465313
496 0.00338409475465313
1202 0.00338409475465313
515 0.00338409475465313
1121 0.00338409475465313
791 0.00338409475465313
800 0.00338409475465313
1562 0.00338409475465313
1563 0.00338409475465313
1564 0.00338409475465313
1143 0.00338409475465313
606 0.00338409475465313
969 0.00338409475465313
1662 0.00338409475465313
1030 0.00338409475465313
816 0.00338409475465313
1591 0.00338409475465313
958 0.00338409475465313
1244 0.00338409475465313
1085 0.00338409475465313
1324 0.00338409475465313
1078 0.00338409475465313
1322 0.00338409475465313
1445 0.00338409475465313
1494 0.00338409475465313
1350 0.00338409475465313
919 0.00338409475465313
607 0.00338409475465313
847 0.00338409475465313
1063 0.00338409475465313
1065 0.00338409475465313
1124 0.00338409475465313
1398 0.00338409475465313
684 0.00338409475465313
625 0.00338409475465313
1125 0.00338409475465313
770 0.00338409475465313
981 0.00338409475465313
775 0.00338409475465313
1338 0.00338409475465313
1306 0.00338409475465313
1304 0.00338409475465313
691 0.00338409475465313
1708 0.00338409475465313
1709 0.00338409475465313
767 0.00338409475465313
768 0.00338409475465313
1347 0.00338409475465313
1348 0.00338409475465313
1094 0.00338409475465313
1717 0.00338409475465313
1718 0.00338409475465313
1719 0.00338409475465313
604 0.00338409475465313
1548 0.00338409475465313
1549 0.00338409475465313
794 0.00338409475465313
823 0.00338409475465313
824 0.00338409475465313
1372 0.00338409475465313
1210 0.00338409475465313
1278 0.00338409475465313
790 0.00338409475465313
797 0.00338409475465313
1167 0.00338409475465313
1393 0.00338409475465313
1110 0.00338409475465313
1111 0.00338409475465313
1112 0.00338409475465313
655 0.00338409475465313
1417 0.00338409475465313
978 0.00338409475465313
1413 0.00338409475465313
802 0.00338409475465313
803 0.00338409475465313
1531 0.00338409475465313
647 0.00338409475465313
624 0.00338409475465313
1394 0.00338409475465313
1155 0.00338409475465313
617 0.00338409475465313
1232 0.00338409475465313
600 0.00338409475465313
902 0.00338409475465313
903 0.00338409475465313
1168 0.00338409475465313
594 0.00338409475465313
1295 0.00338409475465313
805 0.00338409475465313
1473 0.00338409475465313
1230 0.00338409475465313
696 0.00338409475465313
1482 0.00338409475465313
690 0.00338409475465313
1371 0.00338409475465313
904 0.00338409475465313
875 0.00338409475465313
855 0.00338409475465313
642 0.00338409475465313
651 0.00338409475465313
1296 0.00338409475465313
1297 0.00338409475465313
979 0.00338409475465313
1636 0.00338409475465313
1637 0.00338409475465313
1639 0.00338409475465313
1335 0.00338409475465313
695 0.00338409475465313
772 0.00338409475465313
949 0.00338409475465313
828 0.00338409475465313
815 0.00338409475465313
1606 0.00338409475465313
1607 0.00338409475465313
1608 0.00338409475465313
1439 0.00338409475465313
1623 0.00338409475465313
1133 0.00338409475465313
1103 0.00338409475465313
1105 0.00338409475465313
1294 0.00338409475465313
1561 0.00338409475465313
1144 0.00338409475465313
1145 0.00338409475465313
1246 0.00338409475465313
1091 0.00338409475465313
1194 0.00338409475465313
602 0.00338409475465313
605 0.00338409475465313
1209 0.00338409475465313
1287 0.00338409475465313
950 0.00338409475465313
952 0.00338409475465313
669 0.00338409475465313
1285 0.00338409475465313
776 0.00338409475465313
777 0.00338409475465313
787 0.00338409475465313
804 0.00338409475465313
1432 0.00338409475465313
1469 0.00338409475465313
1362 0.00338409475465313
1169 0.00338409475465313
1170 0.00338409475465313
1247 0.00338409475465313
1465 0.00338409475465313
1466 0.00338409475465313
1119 0.00338409475465313
967 0.00338409475465313
774 0.00338409475465313
623 0.00338409475465313
1446 0.00338409475465313
1447 0.00338409475465313
948 0.00338409475465313
622 0.00338409475465313
724 0.00338409475465313
1424 0.00338409475465313
1540 0.0028200789622109417
745 0.0028200789622109417
970 0.0028200789622109417
1534 0.0028200789622109417
1516 0.0028200789622109417
1517 0.0028200789622109417
1211 0.0028200789622109417
1212 0.0028200789622109417
1008 0.0028200789622109417
1319 0.0028200789622109417
1320 0.0028200789622109417
1225 0.0028200789622109417
1596 0.0028200789622109417
1597 0.0028200789622109417
1598 0.0028200789622109417
744 0.0028200789622109417
749 0.0028200789622109417
1568 0.0028200789622109417
1050 0.0028200789622109417
1055 0.0028200789622109417
717 0.0028200789622109417
1433 0.0028200789622109417
1131 0.0028200789622109417
827 0.0028200789622109417
829 0.0028200789622109417
1280 0.0028200789622109417
1281 0.0028200789622109417
1048 0.0028200789622109417
1421 0.0028200789622109417
1422 0.0028200789622109417
1423 0.0028200789622109417
723 0.0028200789622109417
626 0.0028200789622109417
1047 0.0028200789622109417
1470 0.0028200789622109417
1407 0.0028200789622109417
1408 0.0028200789622109417
849 0.0028200789622109417
939 0.0028200789622109417
943 0.0028200789622109417
905 0.0028200789622109417
906 0.0028200789622109417
1242 0.0028200789622109417
1418 0.0028200789622109417
1419 0.0028200789622109417
1254 0.0028200789622109417
1082 0.0028200789622109417
1086 0.0028200789622109417
1228 0.0028200789622109417
1667 0.0028200789622109417
1668 0.0028200789622109417
1669 0.0028200789622109417
1679 0.0028200789622109417
1680 0.0028200789622109417
1681 0.0028200789622109417
1702 0.0028200789622109417
1703 0.0028200789622109417
1704 0.0028200789622109417
1705 0.0028200789622109417
1706 0.0028200789622109417
1707 0.0028200789622109417
1710 0.0028200789622109417
1711 0.0028200789622109417
1712 0.0028200789622109417
1720 0.0028200789622109417
1721 0.0028200789622109417
1722 0.0028200789622109417
1723 0.0028200789622109417
1724 0.0028200789622109417
1725 0.0028200789622109417
1726 0.0028200789622109417
1727 0.0028200789622109417
1728 0.0028200789622109417
1729 0.0028200789622109417
1730 0.0028200789622109417
1731 0.0028200789622109417
1732 0.0028200789622109417
1733 0.0028200789622109417
1734 0.0028200789622109417
1746 0.0028200789622109417
1747 0.0028200789622109417
1748 0.0028200789622109417
1749 0.0028200789622109417
1750 0.0028200789622109417
1751 0.0028200789622109417
1752 0.0028200789622109417
1753 0.0028200789622109417
1754 0.0028200789622109417
1755 0.0028200789622109417
1756 0.0028200789622109417
1757 0.0028200789622109417
1761 0.0028200789622109417
1762 0.0028200789622109417
1763 0.0028200789622109417
1764 0.0028200789622109417
1765 0.0028200789622109417
1766 0.0028200789622109417
1767 0.0028200789622109417
1768 0.0028200789622109417
1769 0.0028200789622109417
1770 0.0028200789622109417
1771 0.0028200789622109417
1772 0.0028200789622109417
1097 0.0028200789622109417
1102 0.0028200789622109417
1340 0.0028200789622109417
895 0.0028200789622109417
1486 0.0028200789622109417
1677 0.0028200789622109417
1678 0.0028200789622109417
934 0.0028200789622109417
935 0.0028200789622109417
1663 0.0028200789622109417
1420 0.0028200789622109417
941 0.0028200789622109417
942 0.0028200789622109417
1630 0.0028200789622109417
1579 0.0028200789622109417
930 0.0028200789622109417
1448 0.0028200789622109417
1651 0.0028200789622109417
1652 0.0028200789622109417
1653 0.0028200789622109417
1654 0.0028200789622109417
748 0.0028200789622109417
1093 0.0028200789622109417
864 0.0028200789622109417
1355 0.0028200789622109417
1360 0.0028200789622109417
926 0.0028200789622109417
1279 0.0028200789622109417
1487 0.0028200789622109417
1154 0.0028200789622109417
672 0.0028200789622109417
1120 0.0028200789622109417
1076 0.0028200789622109417
673 0.0028200789622109417
1276 0.0028200789622109417
1033 0.0028200789622109417
1442 0.0028200789622109417
638 0.0028200789622109417
646 0.0028200789622109417
649 0.0028200789622109417
925 0.0028200789622109417
927 0.0028200789622109417
975 0.0028200789622109417
1440 0.0028200789622109417
1444 0.0028200789622109417
1351 0.0028200789622109417
1353 0.0028200789622109417
908 0.0028200789622109417
1186 0.0028200789622109417
1187 0.0028200789622109417
1553 0.0028200789622109417
914 0.0028200789622109417
1375 0.0028200789622109417
1552 0.0028200789622109417
1554 0.0028200789622109417
1555 0.0028200789622109417
1282 0.0028200789622109417
1533 0.0028200789622109417
1624 0.0028200789622109417
876 0.0028200789622109417
882 0.0028200789622109417
1497 0.0028200789622109417
1498 0.0028200789622109417
1499 0.0028200789622109417
1500 0.0028200789622109417
1501 0.0028200789622109417
1502 0.0028200789622109417
916 0.0028200789622109417
917 0.0028200789622109417
989 0.0028200789622109417
725 0.0028200789622109417
726 0.0028200789622109417
998 0.0028200789622109417
1198 0.0028200789622109417
1451 0.0028200789622109417
1452 0.0028200789622109417
1101 0.0028200789622109417
909 0.0028200789622109417
883 0.0028200789622109417
885 0.0028200789622109417
1373 0.0028200789622109417
1374 0.0028200789622109417
1046 0.0028200789622109417
959 0.0028200789622109417
960 0.0028200789622109417
957 0.0028200789622109417
650 0.0028200789622109417
1428 0.0028200789622109417
1687 0.0028200789622109417
1160 0.0028200789622109417
1161 0.0028200789622109417
1147 0.0028200789622109417
1150 0.0028200789622109417
1219 0.0028200789622109417
1317 0.0028200789622109417
1066 0.0028200789622109417
1159 0.0028200789622109417
1616 0.0028200789622109417
1132 0.0028200789622109417
1053 0.0028200789622109417
1054 0.0028200789622109417
996 0.0028200789622109417
1586 0.0028200789622109417
1587 0.0028200789622109417
1619 0.0028200789622109417
1620 0.0028200789622109417
1611 0.0028200789622109417
1604 0.0028200789622109417
1581 0.0028200789622109417
1582 0.0028200789622109417
1382 0.0028200789622109417
1038 0.0028200789622109417
765 0.0028200789622109417
972 0.0028200789622109417
1505 0.0028200789622109417
862 0.0028200789622109417
938 0.0028200789622109417
897 0.0028200789622109417
1682 0.0028200789622109417
1683 0.0028200789622109417
1492 0.0028200789622109417
1493 0.0028200789622109417
1495 0.0028200789622109417
850 0.0028200789622109417
1083 0.0028200789622109417
1089 0.0028200789622109417
1458 0.0028200789622109417
1557 0.0028200789622109417
1664 0.0028200789622109417
1665 0.0028200789622109417
1666 0.0028200789622109417
1215 0.0028200789622109417
1218 0.0028200789622109417
1238 0.0028200789622109417
1277 0.0028200789622109417
1647 0.0028200789622109417
1648 0.0028200789622109417
1378 0.0028200789622109417
1379 0.0028200789622109417
833 0.0028200789622109417
834 0.0028200789622109417
1520 0.0028200789622109417
1522 0.0028200789622109417
1224 0.0028200789622109417
1034 0.0028200789622109417
1352 0.0022560631697687537
976 0.0022560631697687537
977 0.0022560631697687537
1592 0.0022560631697687537
1412 0.0022560631697687537
1529 0.0022560631697687537
1305 0.0022560631697687537
879 0.0022560631697687537
884 0.0022560631697687537
1334 0.0022560631697687537
1594 0.0022560631697687537
871 0.0022560631697687537
872 0.0022560631697687537
920 0.0022560631697687537
921 0.0022560631697687537
1000 0.0022560631697687537
1068 0.0022560631697687537
1070 0.0022560631697687537
936 0.0022560631697687537
1268 0.0022560631697687537
1269 0.0022560631697687537
1366 0.0022560631697687537
1369 0.0022560631697687537
1370 0.0022560631697687537
1181 0.0022560631697687537
881 0.0022560631697687537
1213 0.0022560631697687537
1454 0.0022560631697687537
1455 0.0022560631697687537
1457 0.0022560631697687537
1241 0.0022560631697687537
1583 0.0022560631697687537
1463 0.0022560631697687537
1410 0.0022560631697687537
1072 0.0022560631697687537
1289 0.0022560631697687537
1290 0.0022560631697687537
1292 0.0022560631697687537
1266 0.0022560631697687537
1303 0.0022560631697687537
1156 0.0022560631697687537
1685 0.0022560631697687537
1686 0.0022560631697687537
1080 0.0022560631697687537
1158 0.0022560631697687537
1138 0.0022560631697687537
1139 0.0022560631697687537
1037 0.0022560631697687537
980 0.0022560631697687537
982 0.0022560631697687537
1151 0.0022560631697687537
1301 0.0022560631697687537
961 0.0022560631697687537
1471 0.0022560631697687537
1411 0.0022560631697687537
857 0.0022560631697687537
1691 0.0022560631697687537
1197 0.0022560631697687537
1337 0.0022560631697687537
746 0.0022560631697687537
747 0.0022560631697687537
1504 0.0022560631697687537
716 0.0022560631697687537
1087 0.0022560631697687537
1088 0.0022560631697687537
1467 0.0022560631697687537
1434 0.0022560631697687537
1474 0.0022560631697687537
643 0.0022560631697687537
644 0.0022560631697687537
653 0.0022560631697687537
654 0.0022560631697687537
1002 0.0022560631697687537
1426 0.0022560631697687537
1427 0.0022560631697687537
1760 0.0022560631697687537
1003 0.0022560631697687537
1164 0.0022560631697687537
1165 0.0022560631697687537
1253 0.0022560631697687537
1456 0.0022560631697687537
1634 0.0022560631697687537
1638 0.0022560631697687537
1136 0.0022560631697687537
1257 0.0022560631697687537
1395 0.0022560631697687537
1396 0.0022560631697687537
1397 0.0022560631697687537
1010 0.0022560631697687537
1388 0.0022560631697687537
1628 0.0022560631697687537
1629 0.0022560631697687537
1015 0.0022560631697687537
1016 0.0022560631697687537
1354 0.0022560631697687537
1001 0.0022560631697687537
1361 0.0022560631697687537
1569 0.0022560631697687537
1570 0.0022560631697687537
1409 0.0022560631697687537
1625 0.0022560631697687537
1075 0.0022560631697687537
1480 0.0022560631697687537
951 0.0022560631697687537
1414 0.0022560631697687537
1365 0.0022560631697687537
1430 0.0022560631697687537
1431 0.0022560631697687537
1384 0.0022560631697687537
1137 0.0022560631697687537
1363 0.0022560631697687537
1206 0.0022560631697687537
1644 0.001692047377326565
756 0.001692047377326565
757 0.001692047377326565
1286 0.001692047377326565
1019 0.001692047377326565
1012 0.001692047377326565
1612 0.001692047377326565
1649 0.001692047377326565
1650 0.001692047377326565
1635 0.001692047377326565
1674 0.001692047377326565
1580 0.001692047377326565
1146 0.001692047377326565
1248 0.001692047377326565
1551 0.001692047377326565
1550 0.001692047377326565
1157 0.001692047377326565
807 0.001692047377326565
808 0.001692047377326565
1538 0.001692047377326565
1539 0.001692047377326565
1605 0.001692047377326565
1593 0.001692047377326565
1713 0.001692047377326565
1714 0.001692047377326565
1090 0.001692047377326565
1453 0.001692047377326565
1496 0.001692047377326565
955 0.001692047377326565
1233 0.001692047377326565
1475 0.001692047377326565
1476 0.001692047377326565
1479 0.001692047377326565
1108 0.001692047377326565
1523 0.001692047377326565
1129 0.001692047377326565
1130 0.001692047377326565
812 0.001692047377326565
1429 0.001692047377326565
1567 0.001692047377326565
1515 0.001692047377326565
1182 0.001692047377326565
1148 0.001692047377326565
1149 0.001692047377326565
1488 0.001692047377326565
1490 0.001692047377326565
1618 0.001692047377326565
1339 0.001692047377326565
1575 0.001692047377326565
1323 0.001692047377326565
1532 0.001692047377326565
1283 0.001692047377326565
1284 0.001692047377326565
1472 0.001692047377326565
1077 0.001692047377326565
1556 0.001692047377326565
817 0.001692047377326565
818 0.001692047377326565
1758 0.001692047377326565
1759 0.001692047377326565
1542 0.001692047377326565
1544 0.001692047377326565
1059 0.001692047377326565
1060 0.001692047377326565
1481 0.001692047377326565
1249 0.001692047377326565
1449 0.001692047377326565
962 0.001692047377326565
963 0.001692047377326565
1321 0.001692047377326565
1383 0.001692047377326565
1559 0.001692047377326565
1560 0.001692047377326565
1172 0.001692047377326565
1174 0.001692047377326565
1626 0.001692047377326565
1584 0.001692047377326565
1585 0.001692047377326565
1477 0.001692047377326565
965 0.001692047377326565
966 0.001692047377326565
1345 0.001692047377326565
1346 0.001692047377326565
814 0.001692047377326565
1402 0.001692047377326565
1399 0.001692047377326565
1400 0.001692047377326565
1356 0.001692047377326565
1357 0.001692047377326565
1642 0.001692047377326565
1643 0.001692047377326565
1645 0.001692047377326565
1381 0.001692047377326565
1655 0.001692047377326565
1656 0.001692047377326565
1013 0.001692047377326565
1014 0.001692047377326565
1676 0.001692047377326565
1659 0.001692047377326565
1621 0.001692047377326565
1622 0.001692047377326565
1514 0.001692047377326565
1661 0.001692047377326565
1577 0.001692047377326565
1578 0.001692047377326565
1250 0.001692047377326565
1251 0.001692047377326565
1255 0.001692047377326565
1256 0.001692047377326565
1288 0.001692047377326565
1627 0.001692047377326565
1632 0.001692047377326565
1633 0.001692047377326565
1214 0.001692047377326565
1216 0.001692047377326565
1184 0.001692047377326565
1185 0.001692047377326565
1657 0.001692047377326565
1658 0.001692047377326565
1610 0.001692047377326565
1510 0.001692047377326565
1511 0.001692047377326565
1051 0.001692047377326565
1052 0.001692047377326565
1385 0.001692047377326565
1503 0.001692047377326565
1535 0.001692047377326565
1349 0.001692047377326565
1565 0.001692047377326565
1207 0.001692047377326565
1208 0.001692047377326565
1318 0.001692047377326565
1140 0.001692047377326565
1660 0.001692047377326565
1367 0.001692047377326565
1368 0.001692047377326565
1239 0.001692047377326565
1325 0.001692047377326565
1326 0.001692047377326565
956 0.001692047377326565
1700 0.001692047377326565
1701 0.001692047377326565
1572 0.001692047377326565
1468 0.001692047377326565
1741 0.001692047377326565
1484 0.001692047377326565
1588 0.001692047377326565
1203 0.001692047377326565
1204 0.001692047377326565
1571 0.0011280315848843769
1425 0.0011280315848843769
1464 0.0011280315848843769
1079 0.0011280315848843769
1537 0.0011280315848843769
1576 0.0011280315848843769
1506 0.0011280315848843769
1299 0.0011280315848843769
1300 0.0011280315848843769
1096 0.0011280315848843769
1483 0.0011280315848843769
1401 0.0011280315848843769
1291 0.0011280315848843769
1293 0.0011280315848843769
1715 0.0011280315848843769
1716 0.0011280315848843769
1541 0.0011280315848843769
1543 0.0011280315848843769
1243 0.0011280315848843769
1600 0.0011280315848843769
1601 0.0011280315848843769
1489 0.0011280315848843769
1205 0.0011280315848843769
1462 0.0011280315848843769
1589 0.0011280315848843769
1590 0.0011280315848843769
1192 0.0011280315848843769
1415 0.0011280315848843769
1416 0.0011280315848843769
1698 0.0011280315848843769
1518 0.0011280315848843769
1519 0.0011280315848843769
1478 0.0011280315848843769
1460 0.0011280315848843769
1461 0.0011280315848843769
1697 0.0011280315848843769
1699 0.0011280315848843769
1602 0.0011280315848843769
1646 0.0011280315848843769
1508 0.0011280315848843769
1573 0.0011280315848843769
1574 0.0011280315848843769
1545 0.0005640157924421884
1546 0.0005640157924421884
1509 0.0005640157924421884
1736 0.0005640157924421884
1595 0.0005640157924421884
1109 0.0005640157924421884
1675 0.0005640157924421884
1735 0.0005640157924421884
1459 0.0005640157924421884
1507 0.0005640157924421884
1696 0
