120 0.9975609756097561
159 0.9951219512195122
102 0.9902439024390244
176 0.9878048780487805
156 0.9853658536585366
199 0.9829268292682927
118 0.9804878048780488
79 0.9780487804878049
215 0.975609756097561
231 0.973170731707317
117 0.9707317073170731
200 0.9682926829268292
119 0.9658536585365853
62 0.9634146341463414
13 0.9609756097560975
188 0.9585365853658536
155 0.9560975609756097
249 0.9536585365853658
247 0.9512195121951219
48 0.948780487804878
191 0.9463414634146341
232 0.9439024390243902
198 0.9414634146341463
163 0.9390243902439024
125 0.9365853658536586
164 0.9341463414634147
154 0.9317073170731708
190 0.9292682926829269
205 0.926829268292683
0 0.9243902439024391
44 0.9219512195121952
245 0.9195121951219513
214 0.9170731707317074
189 0.9146341463414634
160 0.9121951219512195
246 0.9097560975609756
131 0.9073170731707317
192 0.9048780487804878
178 0.9
161 0.8975609756097561
234 0.8951219512195122
183 0.8926829268292683
138 0.8902439024390244
182 0.8878048780487805
3 0.8853658536585366
185 0.8829268292682927
280 0.8804878048780488
35 0.8780487804878049
90 0.875609756097561
132 0.8731707317073171
98 0.8707317073170732
248 0.8682926829268293
56 0.8658536585365854
369 0.8634146341463415
145 0.8609756097560975
41 0.8512195121951219
203 0.848780487804878
133 0.8463414634146341
193 0.8390243902439024
59 0.8365853658536585
107 0.8341463414634146
143 0.8317073170731707
204 0.8292682926829268
46 0.8268292682926829
165 0.824390243902439
177 0.8219512195121951
175 0.8195121951219512
252 0.8121951219512196
116 0.802439024390244
270 0.8
63 0.7975609756097561
114 0.7951219512195122
115 0.7926829268292683
50 0.7902439024390244
18 0.7878048780487805
5 0.7853658536585366
68 0.7829268292682927
78 0.7804878048780488
387 0.7780487804878049
12 0.775609756097561
195 0.775609756097561
8 0.7731707317073171
194 0.7731707317073171
51 0.7707317073170732
206 0.7682926829268293
406 0.7634146341463415
60 0.7609756097560976
38 0.7585365853658537
262 0.7560975609756098
400 0.7536585365853659
82 0.751219512195122
32 0.748780487804878
149 0.7463414634146341
122 0.7439024390243902
186 0.7414634146341463
184 0.7390243902439024
80 0.7365853658536585
83 0.7341463414634146
69 0.7317073170731707
64 0.7268292682926829
9 0.724390243902439
128 0.7219512195121951
27 0.7195121951219512
61 0.7170731707317073
14 0.7146341463414634
277 0.7121951219512195
388 0.7097560975609756
57 0.7073170731707317
109 0.7048780487804878
173 0.7024390243902439
269 0.7
110 0.697560975609756
106 0.6951219512195121
105 0.6926829268292682
273 0.6902439024390243
67 0.6878048780487804
134 0.6853658536585366
108 0.6829268292682927
335 0.6804878048780488
53 0.6780487804878049
398 0.675609756097561
320 0.6682926829268293
4 0.6658536585365854
113 0.6560975609756098
89 0.6536585365853659
172 0.651219512195122
55 0.6463414634146342
181 0.6463414634146342
39 0.6439024390243903
101 0.6390243902439025
225 0.6365853658536585
313 0.6341463414634146
112 0.6317073170731707
2 0.6292682926829268
15 0.6268292682926829
180 0.624390243902439
179 0.6219512195121951
254 0.6170731707317073
407 0.6146341463414634
103 0.6073170731707317
268 0.6048780487804878
392 0.6
7 0.5951219512195122
295 0.5926829268292683
275 0.5902439024390244
166 0.5878048780487805
6 0.5853658536585366
34 0.5829268292682926
167 0.5804878048780487
28 0.5756097560975609
271 0.573170731707317
285 0.5707317073170731
37 0.5658536585365853
333 0.5634146341463414
287 0.5609756097560976
43 0.5585365853658537
71 0.5560975609756098
111 0.5560975609756098
104 0.5560975609756098
408 0.5536585365853659
294 0.5487804878048781
240 0.5463414634146342
65 0.5463414634146342
66 0.5439024390243903
100 0.5414634146341464
45 0.5365853658536586
279 0.5341463414634147
276 0.5317073170731708
341 0.526829268292683
253 0.524390243902439
319 0.5219512195121951
264 0.5195121951219512
378 0.5170731707317073
123 0.5146341463414634
202 0.5121951219512195
135 0.5097560975609756
93 0.5073170731707317
1 0.5073170731707317
137 0.5073170731707317
272 0.5048780487804878
278 0.5024390243902439
30 0.5
274 0.4902439024390244
283 0.4878048780487805
40 0.4878048780487805
99 0.4853658536585366
265 0.48292682926829267
286 0.48048780487804876
19 0.47804878048780486
23 0.47560975609756095
235 0.47317073170731705
312 0.47073170731707314
314 0.4682926829268293
386 0.4609756097560976
366 0.4585365853658537
219 0.4585365853658537
24 0.4560975609756098
267 0.45365853658536587
49 0.45121951219512196
371 0.44878048780487806
75 0.44390243902439025
157 0.44146341463414634
336 0.4268292682926829
259 0.424390243902439
318 0.424390243902439
207 0.4219512195121951
257 0.4146341463414634
174 0.4121951219512195
127 0.4097560975609756
150 0.23902439024390243
47 0.23170731707317074
229 0.22926829268292684
370 0.22926829268292684
72 0.2097560975609756
168 0.2073170731707317
17 0.2073170731707317
299 0.2048780487804878
391 0.2048780487804878
315 0.2048780487804878
385 0.2048780487804878
130 0.20243902439024392
261 0.2
140 0.2
170 0.1975609756097561
281 0.1975609756097561
324 0.1951219512195122
227 0.1926829268292683
33 0.1926829268292683
97 0.1926829268292683
352 0.1926829268292683
20 0.1926829268292683
316 0.1926829268292683
124 0.1902439024390244
322 0.1878048780487805
302 0.18536585365853658
383 0.18536585365853658
216 0.16829268292682928
197 0.13902439024390245
218 0.13902439024390245
260 0.13658536585365855
222 0.13658536585365855
187 0.13658536585365855
142 0.13658536585365855
241 0.13414634146341464
377 0.13170731707317074
363 0.12926829268292683
224 0.12926829268292683
152 0.12926829268292683
139 0.12926829268292683
340 0.12926829268292683
239 0.12682926829268293
288 0.12682926829268293
347 0.12682926829268293
171 0.12682926829268293
360 0.12195121951219512
210 0.12195121951219512
329 0.12195121951219512
306 0.12195121951219512
21 0.11951219512195121
42 0.11951219512195121
196 0.11951219512195121
88 0.11951219512195121
84 0.11951219512195121
209 0.11707317073170732
153 0.11707317073170732
141 0.11707317073170732
54 0.06341463414634146
217 0.06341463414634146
372 0.06341463414634146
282 0.06341463414634146
263 0.06341463414634146
331 0.06341463414634146
221 0.06341463414634146
70 0.06341463414634146
16 0.04878048780487805
337 0.04878048780487805
317 0.04878048780487805
31 0.04878048780487805
342 0.04878048780487805
256 0.04878048780487805
129 0.04878048780487805
338 0.04878048780487805
208 0.04878048780487805
236 0.04390243902439024
348 0.04390243902439024
169 0.04390243902439024
10 0.04390243902439024
11 0.04390243902439024
74 0.04390243902439024
201 0.04390243902439024
52 0.04390243902439024
298 0.04390243902439024
220 0.04390243902439024
230 0.04390243902439024
364 0.04390243902439024
266 0.04390243902439024
284 0.04390243902439024
121 0.04390243902439024
323 0.04390243902439024
251 0.04390243902439024
357 0.04390243902439024
243 0.04390243902439024
29 0.04390243902439024
300 0.04390243902439024
379 0.03902439024390244
226 0.03902439024390244
223 0.03902439024390244
81 0.036585365853658534
399 0.036585365853658534
126 0.036585365853658534
330 0.036585365853658534
380 0.03170731707317073
334 0.03170731707317073
25 0.03170731707317073
146 0.03170731707317073
328 0.03170731707317073
36 0.03170731707317073
359 0.03170731707317073
356 0.03170731707317073
307 0.03170731707317073
290 0.03170731707317073
326 0.03170731707317073
381 0.03170731707317073
162 0.03170731707317073
358 0.03170731707317073
293 0.03170731707317073
58 0.03170731707317073
250 0.03170731707317073
309 0.03170731707317073
343 0.01707317073170732
327 0.01707317073170732
233 0.01707317073170732
228 0.01707317073170732
22 0.01707317073170732
255 0.01707317073170732
158 0.01707317073170732
303 0.01707317073170732
394 0.01707317073170732
136 0.014634146341463415
325 0.014634146341463415
384 0.014634146341463415
73 0.014634146341463415
405 0.014634146341463415
92 0.014634146341463415
26 0.014634146341463415
94 0.014634146341463415
91 0.014634146341463415
362 0.014634146341463415
346 0.012195121951219513
351 0.012195121951219513
76 0.012195121951219513
297 0.012195121951219513
258 0.012195121951219513
361 0.012195121951219513
87 0.012195121951219513
95 0.012195121951219513
96 0.012195121951219513
349 0.012195121951219513
292 0.012195121951219513
147 0.012195121951219513
148 0.012195121951219513
345 0.012195121951219513
301 0.012195121951219513
339 0.012195121951219513
350 0.012195121951219513
344 0.012195121951219513
308 0.012195121951219513
289 0.012195121951219513
355 0.00975609756097561
237 0.007317073170731708
365 0.007317073170731708
396 0.007317073170731708
395 0.007317073170731708
389 0.007317073170731708
244 0.007317073170731708
213 0.007317073170731708
409 0.007317073170731708
390 0.007317073170731708
85 0.007317073170731708
77 0.007317073170731708
296 0.007317073170731708
311 0.007317073170731708
310 0.007317073170731708
397 0.007317073170731708
291 0.007317073170731708
321 0.007317073170731708
86 0.007317073170731708
144 0.007317073170731708
404 0.007317073170731708
375 0.004878048780487805
242 0.004878048780487805
332 0.004878048780487805
373 0.004878048780487805
353 0.004878048780487805
376 0.004878048780487805
382 0.004878048780487805
368 0.004878048780487805
304 0.004878048780487805
238 0.004878048780487805
354 0.004878048780487805
151 0.004878048780487805
393 0.004878048780487805
403 0.004878048780487805
367 0.004878048780487805
305 0.004878048780487805
211 0.0024390243902439024
212 0.0024390243902439024
402 0.0024390243902439024
374 0.0024390243902439024
401 0
