1 30
1 55
1 18
1 59
1 47
2 57
2 13
2 42
2 46
3 17
3 73
3 29
3 45
4 15
4 39
4 49
4 42
5 19
5 43
5 68
5 76
5 81
6 36
6 61
6 87
6 75
6 26
7 37
7 71
7 94
7 66
7 32
8 19
8 27
8 13
8 100
8 79
9 40
9 47
9 65
9 76
9 44
10 15
10 70
10 72
10 100
11 56
11 91
11 73
11 78
12 26
12 95
12 20
12 87
12 89
13 27
13 96
14 79
14 98
14 94
14 18
15 27
15 97
16 65
16 67
16 80
16 95
17 45
17 60
17 33
18 30
18 71
18 74
19 25
19 36
20 65
20 76
20 87
21 25
21 87
21 91
21 100
22 82
22 55
22 68
22 61
22 90
23 74
23 88
23 31
23 44
24 70
24 74
24 81
24 78
25 54
25 92
26 75
27 95
27 100
27 38
28 86
29 66
29 82
29 72
30 79
30 47
30 59
31 78
31 96
31 32
32 45
32 33
33 92
33 52
34 54
34 81
34 89
35 42
35 95
35 77
36 54
36 76
37 71
37 97
38 51
39 92
39 88
39 42
40 85
40 41
41 77
41 93
41 58
41 85
42 82
43 69
43 62
43 88
44 52
44 60
45 69
46 70
46 80
46 74
46 53
47 94
47 79
48 54
48 96
48 90
48 74
48 84
49 69
49 50
50 64
50 76
52 92
52 90
53 80
53 64
53 84
55 73
55 93
56 69
56 82
57 93
58 85
58 96
58 98
58 78
59 87
59 61
60 88
60 62
61 87
62 96
62 88
62 67
63 99
64 70
66 85
66 82
67 69
68 96
71 81
72 89
72 82
73 91
73 83
75 93
75 97
77 95
80 95
80 98
83 98
83 89
84 100
84 97
93 96
