73 74
73 5
73 57
73 99
74 34
74 51
74 56
26 33
26 24
26 3
26 81
33 30
33 27
33 24
63 82
63 86
63 70
63 60
82 23
82 17
82 44
35 75
35 61
35 40
35 1
75 38
75 39
75 67
65 88
65 23
65 21
65 45
88 25
88 71
88 31
1 52
1 58
1 48
52 45
52 69
52 80
64 90
64 54
64 5
64 8
90 48
90 97
90 7
30 21
30 86
30 97
21 96
21 77
23 69
23 80
9 10
9 49
9 28
9 72
10 43
10 53
10 83
24 43
24 100
56 94
56 89
56 79
94 13
94 68
94 27
48 91
48 4
55 87
55 11
55 68
55 36
87 93
87 46
87 19
50 54
50 45
50 3
50 44
54 32
54 86
47 67
47 25
47 17
47 81
67 92
67 11
27 61
27 28
61 62
61 31
51 92
51 70
51 58
92 11
92 15
39 72
39 76
39 28
72 15
72 76
42 43
42 100
42 14
42 2
43 98
11 77
2 89
2 22
2 5
89 91
89 20
8 84
8 95
8 98
84 40
84 4
84 20
49 16
49 91
49 32
45 57
57 3
57 31
18 70
18 58
18 96
18 6
70 77
96 71
96 12
6 31
6 46
6 41
100 81
100 79
16 81
16 59
16 66
3 22
34 41
34 98
34 76
41 12
41 36
86 85
40 36
40 62
95 99
95 68
95 12
38 60
38 37
38 29
46 97
46 69
97 91
13 14
13 29
13 7
68 93
99 14
99 15
76 80
28 19
17 14
17 37
98 78
37 78
37 59
78 79
78 25
79 83
58 32
20 71
20 93
71 19
69 32
4 93
4 12
15 29
29 44
22 53
22 7
53 60
53 66
25 44
77 60
80 59
36 7
59 5
62 83
62 85
19 85
85 66
83 66
