1 0 0
0.950928 0.0155148 0.00132626
0.895225 0.0282087 0.00265252
0.877984 0.0362012 0.00397878
0.814324 0.0432534 0.00530504
0.806366 0.0470146 0.0066313
0.80504 0.0503056 0.00795756
0.799735 0.0521862 0.00928382
0.786472 0.0540668 0.0106101
0.481432 0.0550071 0.0119363
0.47878 0.0691114 0.0132626
0.442971 0.0780442 0.0145889
0.423077 0.0850964 0.0159151
0.405836 0.0916784 0.0172414
0.377984 0.0982605 0.0185676
0.351459 0.104372 0.0198939
0.342175 0.107193 0.0212202
0.303714 0.110014 0.0225464
0.302387 0.114245 0.0238727
0.266578 0.136812 0.0251989
0.265252 0.144805 0.0265252
0.250663 0.149506 0.0278515
0.221485 0.153268 0.0291777
0.144562 0.16032 0.030504
0.136605 0.171133 0.0318302
0.111406 0.175835 0.0331565
0.104775 0.182887 0.0344828
0.104775 0.202633 0.035809
0.103448 0.222849 0.0371353
0.102122 0.228021 0.0384615
0.0954907 0.240715 0.0397878
0.0835544 0.246827 0.0411141
0.0835544 0.250588 0.0424403
0.0769231 0.254349 0.0437666
0.0649867 0.259991 0.0450928
0.061008 0.261401 0.0464191
0.0583554 0.267513 0.0477454
0.0490716 0.279737 0.0490716
0.0477454 0.283968 0.0503979
0.0464191 0.292431 0.0517241
0.0424403 0.299013 0.0530504
0.0411141 0.309826 0.0543767
0.0411141 0.312647 0.0557029
0.0371353 0.317348 0.0570292
0.0371353 0.32111 0.0583554
0.035809 0.328162 0.0596817
0.0344828 0.336624 0.061008
0.0331565 0.343206 0.0623342
0.030504 0.352139 0.0636605
0.0291777 0.357311 0.0649867
0.0265252 0.359191 0.066313
0.0265252 0.366244 0.0676393
0.0265252 0.372826 0.0689655
0.0251989 0.377057 0.0702918
0.0251989 0.385049 0.071618
0.0238727 0.393512 0.0729443
0.0238727 0.401034 0.0742706
0.0225464 0.403855 0.0755968
0.0212202 0.409967 0.0769231
0.0212202 0.413728 0.0782493
0.0212202 0.416079 0.0795756
0.0198939 0.422191 0.0809019
0.0198939 0.428773 0.0822281
0.0185676 0.434415 0.0835544
0.0185676 0.440527 0.0848806
0.0185676 0.443347 0.0862069
0.0185676 0.448519 0.0875332
0.0185676 0.45322 0.0888594
0.0172414 0.456041 0.0901857
0.0172414 0.460273 0.0915119
0.0172414 0.464034 0.0928382
0.0172414 0.469676 0.0941645
0.0172414 0.474847 0.0954907
0.0159151 0.480019 0.096817
0.0159151 0.48284 0.0981432
0.0159151 0.48472 0.0994695
0.0159151 0.489892 0.100796
0.0145889 0.493653 0.102122
0.0145889 0.496004 0.103448
0.0145889 0.500235 0.104775
0.0145889 0.504937 0.106101
0.0145889 0.508698 0.107427
0.0132626 0.513399 0.108753
0.0132626 0.51763 0.11008
0.0119363 0.521862 0.111406
0.0119363 0.525623 0.112732
0.0119363 0.529384 0.114058
0.0119363 0.532675 0.115385
0.0119363 0.536436 0.116711
0.0119363 0.539727 0.118037
0.0119363 0.543488 0.119363
0.0119363 0.546309 0.12069
0.0119363 0.54725 0.122016
0.0119363 0.551011 0.123342
0.0119363 0.551481 0.124668
0.0119363 0.552421 0.125995
