1 0 0
0.989583 0.030303 0.0104167
0.979167 0.0555556 0.0208333
0.96875 0.0808081 0.03125
0.958333 0.10101 0.0416667
0.947917 0.121212 0.0520833
0.9375 0.141414 0.0625
0.927083 0.161616 0.0729167
0.916667 0.181818 0.0833333
0.90625 0.19697 0.09375
0.84375 0.207071 0.104167
0.822917 0.217172 0.114583
0.8125 0.247475 0.125
0.802083 0.272727 0.135417
0.791667 0.29798 0.145833
0.78125 0.323232 0.15625
0.770833 0.348485 0.166667
0.75 0.373737 0.177083
0.739583 0.39899 0.1875
0.729167 0.419192 0.197917
0.71875 0.439394 0.208333
0.708333 0.454545 0.21875
0.697917 0.469697 0.229167
0.6875 0.484848 0.239583
0.666667 0.5 0.25
0.65625 0.515152 0.260417
0.395833 0.530303 0.270833
0.375 0.540404 0.28125
0.364583 0.560606 0.291667
0.270833 0.580808 0.302083
0.260417 0.60101 0.3125
0.25 0.616162 0.322917
0.239583 0.636364 0.333333
0.197917 0.651515 0.34375
0.145833 0.676768 0.354167
0.135417 0.691919 0.364583
0.135417 0.712121 0.375
0.125 0.727273 0.385417
0.09375 0.747475 0.395833
0.0833333 0.762626 0.40625
0.0729167 0.782828 0.416667
0.0625 0.79798 0.427083
0.0625 0.813131 0.4375
0.0520833 0.828283 0.447917
0.0520833 0.843434 0.458333
0.0520833 0.858586 0.46875
0.0520833 0.868687 0.479167
0.0416667 0.883838 0.489583
